413.0650418563164 556.1634355530759 419.5486502376298 592.2398708243177 362.13262999997823 602.5554549999692 355.64953484710713 566.4794736903472 nucleus 0
595.061975497083 164.48006134057607 556.7023518939823 166.06623750379714 554.4715410529898 112.11538431736471 592.8309495293797 110.52921264089166 nucleus 0
579.0976154075179 88.15870441450507 613.6211749431095 86.73114416577388 615.618718769183 135.03857095696196 581.0951594475773 136.46612836573473 nucleus 0
466.44702457488165 89.68323176066892 492.02003320249787 88.62577942702711 493.12320872231794 115.3043467048592 467.5502001590212 116.36179796566331 nucleus 0
483.295682720709 82.65686525929743 454.6020590529224 76.80802738641864 462.33910666000156 38.85134061151875 491.0326803936914 44.70017315906199 nucleus 0
567.6438556805078 91.5639518047507 562.7386782048416 64.26289948778806 591.5125032954529 59.093130437252015 596.4176980662887 86.39416008378126 nucleus 0
608.6080829482671 25.826195942216323 613.5132568793779 53.127245781514254 577.9142961654725 59.52327684364832 573.0091401253594 32.22224308853272 nucleus 0
593.7712874831777 -0.000003976922457307581 593.7712900318002 27.153384412854006 554.9588029125152 27.15338163764532 554.9588059999951 -1.7397634107605435e-11 nucleus 0
158.35132862594037 479.66992126349385 147.9209005147277 452.1676582100028 220.9016429984331 424.49323845698353 231.33222144453612 451.99513657326634 nucleus 0
186.4465689719509 419.73375372275007 181.89133887128264 394.38275962747673 241.17857076264045 383.7308016115227 245.73397672516876 409.08156588288864 nucleus 0
534.6471546174871 493.0062768392207 544.2607503393083 521.355771189852 495.9064328928798 537.7495725305461 486.293164167364 509.4003561622031 nucleus 0
17.024697710003238 502.51242381032625 10.366747872176347 465.4609406150214 74.20392988598906 453.99155804508047 80.86220982171653 491.042612073287 nucleus 0
39.62748046156776 393.77405143444366 34.02112023446534 362.57277686912545 91.56888604069536 352.2333340322419 97.17544236300455 383.43435576014883 nucleus 0
32.20847766453517 344.7814134739985 26.952605555779883 315.53023168219204 90.65699924103683 304.0845456425032 95.9130473096593 333.33549851918974 nucleus 0
36.15713237944874 309.85047183467304 31.602105662750546 284.49947815170134 70.54708508010663 277.5023266163965 75.1021964881511 302.85321036133996 nucleus 0
0 254.918595 12.998746 254.918595 12.998746 289.80968 0 289.80968 nucleus 0
82.13655674895563 251.263740675161 78.28237147739856 229.81290924419943 110.13451758917654 224.09008528387267 113.98875025959569 245.5408555298554 nucleus 0
104.10766909910308 185.93179245424537 134.79528158284666 184.6628791372445 136.24347834847867 219.68528879415302 105.5558660186216 220.95419875527142 nucleus 0
138.11509151280916 140.03514267518128 123.436106861991 114.81536505263988 173.46548654553771 85.69639766426752 188.14447104465216 110.91611509019602 nucleus 0
557.1089041017694 331.00110921428666 579.9969691043952 353.9347243403571 544.0522260884609 389.80443868292423 521.1643164182897 366.8709792065127 nucleus 0
494.2006917803519 327.2115268786364 527.4456085222482 325.8369510368541 529.5402957248007 376.49369346259436 496.29537957815046 377.8682601886593 nucleus 0
614.627647659654 347.43545491892803 592.2857546529849 346.0038315605453 594.9352688474755 304.6605558375088 617.2769379999954 306.09217200000097 nucleus 0
420.4438759254117 336.30206751765684 402.75784747653233 318.58041192850317 443.8862446232815 277.5377324853529 461.5721539303195 295.2592685992062 nucleus 0
482.856776798144 307.30917303720867 465.17082354039303 289.58746981583107 494.14798915247957 260.6705787665338 511.83386556724145 278.39220486368924 nucleus 0
553.4234222890518 226.97847370686756 557.6281337676483 250.37941204960163 500.6158217527991 260.62280588736377 496.41124962930917 237.2219911484916 nucleus 0
565.0756100173021 208.78087531029132 559.4695712094835 177.57966071229407 602.0283212103095 169.93315851230574 607.634433521016 201.1342775003705 nucleus 0