322.9630028700194 234.8623343014768 313.5456820872787 201.7974654134396 357.156564639663 189.37690143301904 366.57395592555986 222.4416509559526 nucleus 0
323.64620260756055 160.9396948533074 331.8863925665937 189.87146315369898 281.2747389089054 204.28589502019702 273.0346698402718 175.3542302079812 nucleus 0
309.2244963223493 248.33188380061495 281.737316911167 232.82664946339852 301.7582785688137 197.3356461865783 329.2453097705584 212.84082800973545 nucleus 0
293.5657904796244 236.86593378639822 335.70795192892547 230.25669593239954 342.2429482702137 271.9235807248585 300.10079310348374 278.53279216836904 nucleus 0
239.2234846507199 202.39496573580428 264.50877667521127 198.42938315301564 270.58882846831693 237.19560371547087 245.3035393501341 241.16117357947934 nucleus 0
197.04666912432003 208.78324268975712 230.7603870467574 203.49579500071374 234.45005159228458 227.02096511707208 200.73633592917759 232.30840262486456 nucleus 0
237.39840847774758 294.9785736694416 229.74666816618992 268.1133996303991 272.0917962763633 256.05332574697786 279.743608738645 282.91837685803046 nucleus 0
176.72721464768983 244.41070484237343 216.05989834941283 238.2420956244532 221.3071763084008 271.69854847417184 181.9744969814201 277.867137688567 nucleus 0
110.50084044109099 170.87494906388199 155.4524504391884 163.82494319180074 162.66986140224617 209.84280646152592 117.7182561045629 216.8927891902665 nucleus 0
76.46484348078957 137.4001097550723 115.79749795164389 131.23131267372767 122.96092282231257 176.90502523705254 83.6282722017495 183.0738057438267 nucleus 0
86.00560005805164 214.07125147808034 73.3905393502937 178.96594122526852 106.44444452256721 167.08837481351824 119.05954524605477 202.19359755302008 nucleus 0
48.02966484487115 121.28215748394238 78.93389192489849 116.43522522252384 84.52815223550715 152.1039908722759 53.62392711278517 156.95091425564914 nucleus 0
0.0737951118935598 121.88005143336086 -0.8408444329688791 85.40290662727172 39.408442118729 84.39369105020518 40.32313723422703 120.87077813992298 nucleus 0
0 116.945259 35.315507 116.945259 35.315507 158.079508 0 158.079508 nucleus 0
60.579283170518465 201.29727362322657 12.81803888916329 208.78791042738624 5.33090868506406 161.04925799807685 53.09184691031987 153.55864567193936 nucleus 0
0 185.52858399999997 27.838985 185.52858399999997 27.838985 222.454738 0 222.454738 nucleus 0
62.57506406349421 253.33404133612535 94.32415025679802 232.1259397916543 124.79000828432618 277.73192530284757 93.041014411574 298.9399123453968 nucleus 0
11.386171693520737 236.36538539173574 47.90937744088296 230.63737570549807 54.899314112990396 275.2048927775959 18.376113950944273 280.9328779094813 nucleus 0
176.1333677706716 341.47161480207353 167.3043134096224 310.4733494234116 220.41826428714558 295.3462793021803 229.24744018651836 326.34434235817935 nucleus 0
149.66693443428085 357.94613920369414 143.19222271245962 335.2140991710457 187.7865310960624 322.513437048293 194.26132274791598 345.2453440457038 nucleus 0
126.81810291869624 415.8398167656004 117.40006556967273 382.7751099243767 155.50033796556818 371.9240144646574 164.91849024991097 404.988528168456 nucleus 0
160.4661645556189 415.19336224226146 153.40264401063905 390.3948348021499 189.00063116110687 380.25638124737316 196.06423332326813 405.05477390371277 nucleus 0
233.20411687069281 396.71132566533123 225.5520551333757 369.8462174815958 265.90138321218546 358.3545852772971 273.5535397051717 385.2195353205655 nucleus 0
214.98085892686504 404.13550994573075 221.45599470240995 426.8674947787528 176.86149945642683 439.56816413750744 170.38655683441903 416.83634453912134 nucleus 0
142.59212616881996 415.0454349770592 163.83572504899348 432.62878272955766 136.62316399313568 465.50123513979764 115.37967799726175 447.91801043408987 nucleus 0
146.874564983882 458.0796815317728 173.33309265864955 440.40761664869086 200.75673187631764 481.4596771589975 174.2983268773969 499.13159003838064 nucleus 0
320.056012965797 416.5659239776525 295.0534165947465 447.7761756575111 250.61478933290346 412.1806293729444 275.6172398621129 380.97065461539 nucleus 0
263.41403613667353 503.4623039001704 305.55636705496 496.8540735939672 313.48706292825227 547.4200347902743 271.3447470952815 554.0281990369499 nucleus 0
278.8028165567084 601.5613473233902 252.7512856139947 627.1127907845782 211.36023600432964 584.922356535208 237.4114167827065 559.3712471834831 nucleus 0
383.4110871215671 405.93371782079123 417.12488578916236 400.64675369675655 423.7254118092096 442.73138625326885 390.01162152453617 448.0183148095535 nucleus 0
618.8682774246263 314.3243481001916 568.0774685062352 311.3663078589852 570.256532327403 273.9569075408038 621.0469291408663 276.91493581235375 nucleus 0
546.0361805097637 372.40611343735503 537.7955943000416 343.47442396111853 575.8957621277659 332.6233737072608 584.1364379604784 361.5549123118186 nucleus 0
512.0414294644434 350.58492253173665 524.9949037676561 368.66229534973365 493.9413999950193 390.91152129321927 480.9880313746544 372.8342434660282 nucleus 0
440.4552732416778 384.2168654502881 482.59751467965543 377.60809535892867 489.79184793133754 423.47893413852967 447.6496172927 430.0876580309159 nucleus 0
513.8686307320313 371.0166339187711 533.862322723071 387.5659383035106 509.7147115752887 416.7359181465081 489.72110363058164 400.18670561179306 nucleus 0
524.7858146997896 371.2932101996575 564.1185633474379 365.124964962156 570.4261145056807 405.34168439247134 531.093374424745 411.5098934395531 nucleus 0
558.9710531850869 390.98525736033395 575.2785259365919 360.53755282946395 611.5279992263822 379.95030216860573 595.220734542163 410.3978280283679 nucleus 0
349.08604664531595 3.5418996885632885 385.60920743999304 -2.186366347910085 393.43192460612045 47.6909043897716 356.9087643227249 53.41916759104859 nucleus 0
615.1409569054522 378.3194089722934 588.0388157713605 376.74103644370155 590.2681357978145 338.4673097314909 617.3700011354231 340.0456742185659 nucleus 0
609.7054897863563 471.6411196081106 599.6154066109011 471.05352845712355 601.4061780747579 440.3082169240292 611.4961559999938 440.8958049999993 nucleus 0
441.0455872619059 467.09938898798384 432.80454370265943 438.1678499046326 463.62143904225377 429.3910859196683 471.86257501729415 458.32246978402827 nucleus 0
439.47002465909463 467.6691455060183 475.19292508935905 451.6910010281424 492.73772712025675 490.91007974875777 457.0149000875972 506.8881019804571 nucleus 0
435.786332409989 464.1287761662916 453.446468507027 526.1247676284473 423.135826046273 534.7571249907865 405.47611513291486 472.76149818835427 nucleus 0
492.62889281861135 496.62889497420974 534.7712003331253 490.02058228477756 539.9760211977264 523.206327125064 497.83372343306837 529.8145977254342 nucleus 0
547.3595931554883 526.1876989871167 552.9521871457837 545.8197381597566 525.6504167874664 553.5953770974022 520.0579533457494 533.9634494780848 nucleus 0
486.79095023922855 0.56389021624512 517.6951621360786 -4.283104441729768 524.1559490453074 36.910565528261195 493.2517373581504 41.75755871282387 nucleus 0
382.2888675837021 86.76554140546826 413.19308742175053 81.9185822869346 420.8538773005421 130.76341249618247 389.9496594332595 135.6103618996152 nucleus 0
584.5420737296081 115.20611077323687 618.2801025258959 143.13464513704403 581.6566243058332 187.37544704665868 547.9186782532634 159.4470029907431 nucleus 0
381.4272182460263 240.5532021618097 370.8326975024829 203.3552222527567 416.9459145217843 190.2219725817298 427.5405209921155 227.41980660047605 nucleus 0