68.27269763176446 504.811554803135 49.95635480634519 509.5468569258542 37.0272479999403 459.5446170000053 55.343261930393055 454.8093599951745 nucleus 0
564.6350324467494 581.1458665079114 570.1504919413856 607.5280720138105 511.26295569767535 619.8351812888519 505.7479012141266 593.4533286930715 nucleus 0
559.0906321204966 512.7439167220471 553.2856516348693 484.9733203689303 581.8998155984445 478.9930944016031 587.7049049517518 506.76354092969586 nucleus 0
593.8748931913142 496.2552697982144 595.218106633256 463.1138377037212 636.847565312928 464.8007742708773 635.5046084987407 497.94195822804807 nucleus 0
620.404080636581 583.9822946317115 623.0165979502635 596.4790494622943 592.3519207552454 602.8878418410418 589.7395023231365 590.3911733155057 nucleus 0
195.01898300244648 268.05029120815817 164.1497538958356 281.3702419357523 131.07428219846042 204.72009620847447 161.94313140375016 191.4002375681426 nucleus 0
198.52610347363225 226.17796639180014 226.5386733077321 218.93494172559178 242.9707893246814 282.48369265403096 214.95823638077127 289.7266722174725 nucleus 0
97.06686541867384 589.4968581563038 131.54436320030072 580.5842179979534 144.57832857660833 630.9910430350769 110.10087034403114 639.9035780096427 nucleus 0
93.60115972755011 51.55184969096118 134.5424796097359 40.965462737723534 152.34427769173635 109.81109924321223 111.40296676698199 120.39746394315053 nucleus 0
214.73029544504243 57.69101063144096 249.20720154412265 48.77617236214139 265.00694699971064 109.8792562400301 230.5300481209997 118.79407685997916 nucleus 0
267.80736016684386 40.69450144491636 300.1294491506269 32.33681568516214 317.45610177698836 99.34485726390699 285.13401847259956 107.702528487594 nucleus 0
306.33284180177725 38.54637451633896 334.3453175704781 31.30304390809925 345.08929721028835 72.85367108557799 317.07682392850984 80.09699518276648 nucleus 0
374.3414221626881 79.29503323819121 398.04429450494354 73.1660860061831 406.70761248926283 106.67009896912012 383.00474275587476 112.79903878382106 nucleus 0
415.21535526699154 134.14282782270826 408.25051008243463 100.8179543557376 445.71956713465624 92.9870497635817 452.684451594032 126.31186961812904 nucleus 0
500.5654558819515 121.54698390269944 527.9502758134186 101.98448798455169 563.9808204674046 152.42171795766416 536.5960524253751 171.9841522208074 nucleus 0
268.34207080952183 602.866501221656 309.2841383045743 592.282862809634 320.97451753877976 637.4937216800176 280.0324923916196 648.0772462619092 nucleus 0
276.1263170858001 600.8664398959637 268.57944786279404 564.7645952815276 323.3655479407025 553.314575956431 330.91273276906577 589.4159886578968 nucleus 0
309.3272128084209 472.2526108439869 327.4207911099802 449.44563817879293 375.86969106174365 487.87548726679154 357.77638650266454 510.6822079294633 nucleus 0
346.2735778084607 536.5309539920662 364.3676569841773 513.7243391757212 398.4132318727643 540.729391543776 380.3193683155405 563.5358074794865 nucleus 0
398.6880608343199 546.8543399414509 424.5461903583782 540.1696849522217 440.2933281353762 601.069596345919 414.43523157577147 607.7541617094969 nucleus 0
496.5255653323402 601.1773712577677 500.8798647105141 622.0053057143464 465.59220966933935 629.3802253038773 461.2381068067043 608.5524621705139 nucleus 0