358.2003130166413 537.5155590167712 354.0272325744445 515.3025700714584 390.9441100600088 508.368480028941 395.11731364596926 530.5813063914518 nucleus 0
640.0001488169801 529.625576 619.3167444257415 529.625576 619.3168580673228 492.778849 639.9999756245234 492.778849 nucleus 0
595.0718474099267 433.9415136378967 620.5617404168152 426.0618973072727 631.6397739427339 461.8932171283091 606.1499026468664 469.7727842708178 nucleus 0
574.6549451090686 433.59523526246363 595.5103234471608 427.14828337931124 608.2567549552186 468.37592211624946 587.4013969601219 474.82282737721937 nucleus 0
564.7193724886165 398.72398838110627 582.1339287554292 411.557850145625 564.2488409455109 435.823346716272 546.8343361435109 422.98954491696924 nucleus 0
613.4102854667435 366.23269658071416 608.8582738182595 342.0003010016601 639.9678625545494 336.1569479798458 644.5199501651223 360.389242872223 nucleus 0
569.9311530567502 319.78017080718365 597.7381341323053 311.1836963823782 606.3726558919734 339.1115704497871 578.5656884189666 347.7080140300277 nucleus 0
600.7961462697131 331.79794620842404 607.8028893002192 312.3837384143321 644.546578382724 325.6437670207685 637.5399449920224 345.0578816368047 nucleus 0
612.450655319044 316.23823728535154 608.2780707089842 294.02517654231366 639.7091101765545 288.12144781760145 643.881755333714 310.33442789155777 nucleus 0
271.5295466907264 444.58416379121434 258.0916238201462 471.1029715854712 220.2407765710086 451.92543145853784 233.67872829352564 425.40681154024594 nucleus 0
131.31993660172157 280.6288900092791 163.7613618605974 270.5995010906564 174.55714068761154 305.5177975355821 142.11573312539258 315.5471464797683 nucleus 0
135.46771003253525 294.0445243770124 116.92970513096952 299.7756201465353 106.46258094777295 265.9201261787842 125.00045685788791 260.1890519443364 nucleus 0
79.94294476411596 262.2577932826225 105.43261924976832 254.3775059444099 114.313599159359 283.1025116104891 88.82393521227641 290.9827749361131 nucleus 0
35.75182304994087 209.64940837176107 63.558712024168926 201.052599088168 76.35145831111004 242.43001978770107 48.544582891408936 251.02679778885414 nucleus 0
75.53428879546118 223.36425538934319 96.389464714739 216.91666395181375 109.38236401052563 258.9413586886642 88.5271993369679 265.3889245925925 nucleus 0
111.08473622894962 231.602162391528 131.93991225438367 225.15459357644968 143.01798624037474 260.98596733999005 122.16282005392713 267.43351395648057 nucleus 0
137.8864604401315 275.75865182615127 131.43808780885593 241.42936785277126 165.26109706013813 235.0764085065512 171.70955499117554 269.40557907760206 nucleus 0
166.72332873284176 278.7046357858153 162.17150759337528 254.47221257613407 201.25642999235424 247.13082255754742 205.80832284795179 271.36315298654165 nucleus 0
193.4012313902349 226.87468412791705 214.25640570334508 220.42710572324899 225.33447572255682 256.25847993761886 204.47931079994305 262.7060367285205 nucleus 0
73.36054531449918 223.06971056999458 68.42949184589088 196.81790933780394 107.97757467713382 189.38953055371564 112.90868981704989 215.6412514117073 nucleus 0
175.810064576508 596.8615271765557 180.36306111993326 621.0938460981125 147.7820315358258 627.2135514229903 143.22924281543237 602.9814155643415 nucleus 0
52.73729326931061 145.3706321438789 76.8487950949202 163.14180393532985 56.51276532167685 190.73263108908708 32.401295924864826 172.96149732135132 nucleus 0
10.951373670250177 134.15985821853937 27.667595106904628 132.7953509453211 31.179137490908033 175.81361552584386 14.462916495540412 177.17811938240897 nucleus 0
8.205551411083434 79.4960029249734 38.32957341015572 70.18252154499388 48.51453284616582 103.12512586446718 18.390515662031248 112.43859640073454 nucleus 0
198.87223516248923 226.67253332218493 193.1825488625327 196.38200951263872 220.2705424654414 191.29403769343304 225.9602779569832 221.5844972391023 nucleus 0
249.7546476143907 180.84601146436486 245.50206354622787 202.25577338410545 207.63433425570838 194.7342961798816 211.8869611149421 173.32459202980704 nucleus 0
239.3743620123132 189.44799036069472 217.9418941520271 173.6514010885188 237.94670578361547 146.5099545392527 259.3791113894986 162.30651018955197 nucleus 0
227.8633727569104 153.54471417426282 225.33822709337983 122.8539291186705 259.21946331160143 120.06631341132548 261.7446574012138 150.7570458340695 nucleus 0
222.21861019395874 81.95321291226848 250.0254054704419 73.356167983836 260.4104415558686 106.9459549751196 232.60365086265665 115.5429892869924 nucleus 0
252.5528849548573 50.04079821230821 241.1319604684104 72.5823735175503 206.7362077616417 55.15542747435816 218.15713423617126 32.61387035911938 nucleus 0
255.9917540292372 26.96310784679662 276.8468374080112 20.51528685195842 289.14670396377915 60.29841276385672 268.2916225842928 66.7462293965072 nucleus 0
145.8180847652693 631.3422243274682 119.16907284183253 639.5790017936357 109.51335208723322 608.3476064866489 136.16198910356616 600.1108912434556 nucleus 0
334.4514270500804 15.57732492464054 334.30680405479507 18.682444741861 321.3284417671093 18.077968554017517 321.47306499995466 14.972848999981949 nucleus 0
493.75571759417653 72.116762013146 473.18448918435024 74.23294123428106 469.5112637981947 38.525723968734134 490.0824629296403 36.40954623587359 nucleus 0
127.13492622438935 419.7496137704912 115.7128446331626 442.2906809171543 77.02394541964168 422.68853645617537 88.44605134276208 400.1476218262068 nucleus 0
107.31727102502191 417.3904478223237 101.62712367084168 387.0999566330908 134.671462194965 380.89322505167104 140.3617245353962 411.1835644104432 nucleus 0
67.75554104759067 368.37484552084936 63.20355045478209 344.1424206720153 102.51995453989366 336.7575799615329 107.07204178354004 360.9898781428434 nucleus 0
133.85531284540775 314.1468097614418 138.40736540340004 338.3792190643878 102.96340395325387 345.03669818444047 98.41147339982854 320.8043967880568 nucleus 0
583.0492285251239 477.16875376149864 608.5391797761258 469.28933414108593 618.1130642046628 500.2555271376843 592.6231335954799 508.1349003246308 nucleus 0