498.1590948996745 166.12022316716545 501.7381496053713 191.09168308877867 464.6725364734448 196.40393314987216 461.0935521139618 171.43253668915588 nucleus 0
458.0358865659218 177.53394407426552 454.4569114888145 152.56247071206073 486.11430772310996 148.02533196439217 489.69332282409596 172.99675710185664 nucleus 0
467.51384007482557 127.9218246579035 450.55840341468866 147.57456851969326 421.343149608947 122.36933398843016 438.29856233278406 102.716626146349 nucleus 0
409.5412520803802 85.48960732735857 430.2992645010818 80.2885214285648 438.2637818899093 112.07543831773091 417.50577171100304 117.27651799683082 nucleus 0
380.3164951878716 48.094577724961944 407.3019044344983 41.333141168431794 415.89747114987404 75.63862442485534 388.9120637752785 82.40005550522307 nucleus 0
353.24436216949834 12.335560543685967 352.7901400200062 25.342841832011697 325.0551222267677 24.37431506708166 325.5093467419647 11.367036566350297 nucleus 0
626.2482749621995 527.7527532904338 636.6274274232273 525.1527259285951 644.9362263363582 558.3138140840517 634.5570803892042 560.9138235169082 nucleus 0
626.6987439206423 533.0768075107069 615.0405403762852 546.5869953837245 586.220325502145 521.7225217194889 597.8784609575087 508.21243517349944 nucleus 0
548.9727461439179 534.4157056090196 572.5117144587421 533.1385841950643 575.1012895315216 580.8569727906936 551.5623222658905 582.1340815664105 nucleus 0
526.1127465405298 559.5388151764522 544.7952322147466 554.8588768225118 552.4366137178004 585.3562602341032 533.754139484081 590.0361672791935 nucleus 0
552.5557212695276 603.441129957446 573.3141173638433 598.2413932283371 580.2240709999751 625.8197029999984 559.4656871294865 631.019405976278 nucleus 0
402.7218112958508 463.2920273466786 423.4800345629628 458.0917263742421 431.3905531079945 489.6632141621967 410.63234079105314 494.86348515405206 nucleus 0
444.48799800004053 640.0000000000109 444.48807512104395 628.0308147480949 463.16870942107926 628.0309195239811 463.16868501278805 640.0000520810111 nucleus 0
407.9766338882473 604.0960268527656 430.63854271262244 614.8676854585975 417.5476887748664 642.4008264310505 394.8858280686545 631.6292440224579 nucleus 0
305.04016556536953 639.999995762122 305.04029573894513 626.9047774308556 334.48564829013776 626.9050308866783 334.4856089995301 640.0001581092301 nucleus 0
638.137944391201 317.22808402781106 633.8388458525151 343.3856812912236 596.6572387733322 337.27509205554725 600.9564326589316 311.1176142967937 nucleus 0
395.72994235073566 537.5818994516951 393.74125567788724 523.7088980380078 413.76946805103216 520.8384580472103 415.75820034820936 534.7114040350557 nucleus 0
382.4740770943754 516.8288995351005 385.65606910109636 539.0257211508421 365.9149480354972 541.8550005611729 362.73305290946155 519.6582659139663 nucleus 0
390.36764387245057 374.117733889505 386.78838596613787 349.1462824228414 408.3719642390497 346.0529421478611 411.951282504815 371.0243195590991 nucleus 0
287.5624714176229 355.87418804109296 310.3964164574427 350.1535004413142 317.93018199859944 380.2213470446634 295.0962458770664 385.94201034936253 nucleus 0
332.9992372215929 426.05209185983335 344.78355114129954 438.646935616432 322.0492236019345 459.9150524954377 310.26497607905185 447.3202733264807 nucleus 0
308.7100396252936 415.66896056607396 319.2124288524792 440.2310498302983 286.8677716692764 454.0590280617039 276.3655469945661 429.4970782973986 nucleus 0
219.5362311614008 553.8213220077292 243.8166236820689 565.3628379418143 232.25856835510058 589.672102401946 207.9782175723085 578.1306523793585 nucleus 0
582.6962123901467 345.0998124827905 605.1652170885063 343.88058852587386 607.3255700507434 383.68978688661196 584.8565659129963 384.9090042587613 nucleus 0
196.27960064157378 569.3443492414563 176.85525344131747 560.1110372688922 191.3028771878453 529.7244387750234 210.7269957837707 538.9576865766885 nucleus 0
183.62619814542995 478.1484965644958 204.3844403068215 472.9482525619085 214.76541689437 514.3794584634765 194.00718963122927 519.5796614719607 nucleus 0
167.29654384304013 412.9756571994891 185.97891127166804 408.2952688575741 198.14539886137936 456.85274993109556 179.46304526310996 461.53310037936166 nucleus 0
204.75247300040792 333.5408980919346 225.51060063451587 328.3402193989486 236.57648790380335 372.50494953646 215.8183715301857 377.7055971091107 nucleus 0
176.97099623212125 354.7346968525239 191.50169539250783 351.0942585570712 201.1439682958735 389.5772511407065 186.61327630121377 393.2176694641736 nucleus 0
98.65533224081446 385.5575808740047 121.48932546006108 379.83700775357295 134.7175008951308 432.63168938453504 111.883524445293 438.35221517766746 nucleus 0
159.12872040149523 390.26951149819837 163.1058550805028 418.01555840636576 132.14204150805017 422.4532366620807 128.1650524710858 394.70732040968414 nucleus 0
135.7999269917491 358.4594544992011 156.8424056162621 368.4632114110192 141.54930080971099 400.628158022543 120.5068540006323 390.6244514029624 nucleus 0
218.26997404939902 167.370972226903 234.87640616847784 163.21017216094629 243.77996463590534 198.74488684136054 227.17353624298994 202.90567649718085 nucleus 0
153.62228828809748 120.67220247059728 180.60771891119657 113.91083617297063 189.56511160511582 149.66043398898 162.57968539299327 156.42178782505158 nucleus 0
552.0020100678812 363.50251918493325 574.835968229745 357.78185499705285 582.3697304801317 387.8497016536184 559.5357812134898 393.5703410796709 nucleus 0
162.9204027353262 166.58634676537753 177.45103198969446 162.94564813801674 185.03864286394673 193.22836260435292 170.50801638048142 196.86905361814726 nucleus 0
174.74617041683814 204.97899836805237 207.95906239014585 196.6574924836562 217.1856299223873 233.4814414942326 183.9727474218671 241.8029215655991 nucleus 0
200.794545935496 238.5016256166315 225.70423141944048 232.26057043281708 235.76220411814575 272.40272231791266 210.8525276384171 278.64375292565546 nucleus 0
191.05469671623723 278.87216105373193 215.96440219829674 272.6311889734763 224.97562170479796 308.59562988011703 200.06592554978852 314.8365767101608 nucleus 0
172.1128412229882 256.10256049501487 194.94673023065843 250.38162682612676 205.327722242655 291.8129526439898 182.49384232854936 297.5338614686924 nucleus 0
182.15197031604475 209.5391108100926 170.4949670737551 223.05024946972287 149.04863203344576 204.54756989983508 160.70561523432843 191.03646110711676 nucleus 0
169.1872803568549 288.2379665715856 141.67042246990604 275.1556124106242 156.54075185484544 243.87988646219702 184.05744799609238 256.96219519329 nucleus 0
168.04854877642356 338.02243805912224 162.48094369046157 299.177924557114 197.12956505303737 294.21211047124297 202.69730226849788 333.0564620920477 nucleus 0
131.98077549837762 298.44251411951706 150.6630610517459 293.7618186655394 157.0423931962432 319.22219476266196 138.3601127430302 323.90287608286195 nucleus 0
140.0113519034494 316.2104046669856 167.528318090408 329.2924609660056 152.65800217537617 360.56819698060326 125.14107194874668 347.4861975844989 nucleus 0
572.64009987186 298.3510897114762 580.0666667024052 321.815001772962 545.0108542201633 332.909568479862 537.5844062711985 309.4457576253629 nucleus 0
125.2858388639288 338.8339292399965 109.09936878022563 331.1385563650009 122.6131920950138 302.7158514194307 138.7995586280158 310.4111953161049 nucleus 0
88.61054994165897 343.00863099553703 102.04926008926122 364.01297105039214 74.14422564819688 381.8649302614179 60.705622049281374 360.8606838973878 nucleus 0
47.40498587008915 321.89038911656206 70.23891957440355 316.16961522631823 78.67288840287074 349.8302906772008 55.838963621645235 355.5510398275833 nucleus 0
18.8425490775262 248.66291217122262 33.558650947525166 247.54785366042566 36.341378704382805 284.27133328225614 21.625277282873867 285.3863877362794 nucleus 0
491.46168955252506 289.17269858534473 516.3714114877803 282.9317605562706 525.5441197555774 319.54076033327465 500.63440752950555 325.7816716840702 nucleus 0
495.04570378674543 259.452736809126 472.21176741026284 265.17372870805445 460.514951895384 218.49037643421352 483.34869803984475 212.7694097649158 nucleus 0