495.27821191149997 488.29026128569234 497.50325642351527 448.25960512426553 562.6016952288774 451.87731537169674 560.3771301460802 491.90751394230807 nucleus 0
419.17400422957144 521.8874488054167 450.2600374690519 491.48719897736987 503.90637180600606 546.3326125562629 472.82079900280223 576.7323989314083 nucleus 0
364.81611137052823 580.5908058288001 345.14609378653404 555.6053809754916 386.09505766246 523.3753599624969 405.76494442902913 548.3605170327621 nucleus 0
485.00752400002966 624.0120400000351 479.5636977650429 579.428573175458 528.2330645166803 573.4873266948998 533.6773077131511 618.0703101488891 nucleus 0
555.478510507528 65.27569898881163 594.7260481674311 62.05365119339 599.5872430426971 121.26719847749455 560.3397060150019 124.4892396071339 nucleus 0
601.9540552103717 150.09697303123727 609.5855200000369 149.47047299999812 613.8205544740049 201.05679596108683 606.1890899567516 201.68329388803005 nucleus 0
509.89552857441595 375.53918603644547 514.5144847454503 413.36743149988945 466.808066153244 419.1915674924848 462.1894059651095 381.3635922680698 nucleus 0
431.52669828799844 324.7768112178653 435.1557530685386 354.49899392090504 384.7409931525908 360.6537902407785 381.1121496652049 330.9317994558102 nucleus 0
405.0324895958329 296.01790764305713 411.88830363236775 324.8362524236487 350.104350134643 339.53302126584356 343.24878510939016 310.7148908748956 nucleus 0
332.6837576646358 312.1637109009739 328.0652801947872 274.33548871096843 375.9854741930758 268.4852208229153 380.60412006998376 306.31324455014817 nucleus 0
333.6866801666474 377.8560778760368 328.73813793114095 337.32584574187655 378.83162992722646 331.21023719883783 383.7804031698761 371.74019676196684 nucleus 0