155.95095547119854 481.4361762405361 194.04759622484562 488.268171561513 182.89674398693023 550.435589340212 144.80012508873187 543.6036768741961 nucleus 0
99.102633811126 483.9156136710605 73.6127369436872 450.884090213662 132.5576927554357 405.4040004322752 158.0474056614912 438.4351181055514 nucleus 0
82.54738108880701 347.12650002846914 108.85478423544555 330.99066245492565 134.99868510800297 373.611024862841 108.69136479195731 389.74675450397535 nucleus 0
40.24578000004112 460.01136899999904 68.54224202455953 457.5361885460576 72.46242243920278 502.34444965144905 44.16596306436986 504.8196101106498 nucleus 0
604.7109539999656 608.0408040000294 603.0557736990158 579.6242028865414 639.4450768261595 577.5051222108219 641.1004706331732 605.9214964037017 nucleus 0
496.7591810000158 614.3282780000061 495.04676426375227 584.9260954655126 554.0761318024306 581.4888348553474 555.7889102942863 610.8906323338314 nucleus 0
225.563264 461.747116 262.424845 461.747116 262.424845 508.045352 225.563264 508.045352 nucleus 0
291.387515 389.574015 320.350187 389.574015 320.350187 438.362277 291.387515 438.362277 nucleus 0
351.0851771830494 416.1312748386075 322.5824614222074 419.35682129400743 315.7096923458448 358.62999776108813 344.2119109336636 355.4044797105788 nucleus 0
344.046917 344.880537 380.908498 344.880537 380.908498 391.33160799999996 344.046917 391.33160799999996 nucleus 0
280.855635 338.830649 320.350187 338.830649 320.350187 387.38965899999994 280.855635 387.38965899999994 nucleus 0