191.24093405363965 304.4435583983875 220.2501191583724 304.61448696140144 220.0332607163 341.4158967096798 191.02407562342705 341.24496890228124 nucleus 0
153.53952814220975 459.1260065715881 158.0065449977701 429.4499302480932 223.16328880711808 439.2561522309132 218.69663769823092 468.9318990525825 nucleus 0
228.57903936972434 405.9797734563135 257.58822321658954 406.1506869152272 257.3589286430797 445.0637831883091 228.34974480516394 444.89287078249015 nucleus 0
253.42161745043995 355.8307731516892 282.4308031982946 356.0016859779859 282.1766308145743 399.1381529066891 253.16744507821568 398.9672411141203 nucleus 0
58.259882290440146 528.3610873224331 76.11168897739844 528.4662542680235 75.88429711984645 567.0569547007948 58.032490434488864 566.9517885814614 nucleus 0
70.61595333638252 549.4941850990126 103.52979681898432 541.1545078172934 118.77142832847312 601.2936619747701 85.85762537244591 609.6332285011629 nucleus 0
255.24265371983347 477.1907654154536 247.93335504145944 525.751500700025 211.1999039699731 520.2231937359109 218.5094757128536 471.6627938468687 nucleus 0
211.96318940681522 589.3111930227888 215.61833740815928 565.0308124508542 253.52102957294846 570.7352185019099 249.86610611063952 595.0153975116789 nucleus 0
270.1514842494362 598.0681276486421 264.872125284528 633.1397718427102 219.89054676560045 626.3702008864582 225.17020191357005 591.2989215370797 nucleus 0
296.98761400039075 588.3123609061927 293.73876492383715 609.8948816693825 269.8834784083738 606.3047468310127 273.13242185133277 584.7223416069447 nucleus 0
324.23897287008003 529.1010738129056 349.35419790614105 538.4404263180322 330.5910190200666 588.8864065134064 305.47584757427103 579.5471584035365 nucleus 0
64.60248108727683 78.3794112710903 80.99015092746413 93.58158001079411 58.014019572365214 118.34924865525126 41.62636763503542 103.14709850455381 nucleus 0
79.06503601356235 27.254635903135522 96.91684267061646 27.35982719957076 96.7362755130307 58.00348626359573 78.8844688575773 57.89829501867903 nucleus 0
92.54374492673378 12.084237029783312 114.85850115903304 12.215724910206706 114.65599440234655 46.5830497451752 92.34123816924694 46.451561913782356 nucleus 0
241.74409629289585 259.9634093179648 247.4286341361585 222.1939033009444 283.1017859842541 227.562711563677 277.41738616037765 265.3320936872659 nucleus 0
276.6651369284227 198.34325116924504 305.67432088864734 198.51418686391384 305.42877584790403 240.1837606571377 276.4195918900077 240.01282554424506 nucleus 0
321.8582392321696 183.73478089994376 325.91851496159506 156.75657021867923 357.91209896080545 161.57156512963766 353.8518859164469 188.5497195744604 nucleus 0
371.0946613557462 130.44837880548548 365.8164275037416 165.5200508531615 338.67171508645697 161.43483463361713 343.94999146570626 126.36321475795926 nucleus 0
425.583291739531 299.4730003981018 450.12952339406183 299.6176266381858 449.94135928129253 331.55087226469357 425.39512763039966 331.4062465677211 nucleus 0
438.5040622307861 378.9900645214018 460.8188187226915 379.1215373158357 460.5857269230182 418.67942920259634 438.2709704390436 418.5479571792101 nucleus 0
486.7610997714655 374.08743585111125 483.51271350278694 395.6700311460554 447.05980602833733 390.1839695771064 450.3082845258177 368.60148707252364 nucleus 0
495.95091661496554 149.23884270142773 491.4847117687168 178.91488947996336 450.9625395620242 172.8163966352982 455.4288037140941 143.1404229621373 nucleus 0
476.2988964874967 42.82166624822101 473.25380519701866 63.05532663162684 444.5500355999684 58.7355093096539 447.59513598408375 38.50185937723965 nucleus 0
547.1059543272713 126.5732449163815 582.809564371637 126.7836224752397 582.5583306042245 169.42038198253857 546.8547205673531 169.21000491496798 nucleus 0
605.4054740395077 79.20062916919528 632.1831813493918 79.35841353831538 631.9032623714156 126.86334003662303 605.1255550708447 126.70555595608508 nucleus 0
33.526473000019905 410.71623500000055 55.66567148489412 408.90927224643997 57.923724303473136 436.57167711657536 35.78452675617882 438.3786319737873 nucleus 0
640.000011765369 137.810709 631.8865890977759 137.810709 631.8865999560512 107.436694 639.9999999899592 107.436694 nucleus 0
67.21101533810725 377.1606598062343 61.93237102583225 412.2323224636909 31.108019124367274 407.59333254875287 36.386793601486715 372.52182916901995 nucleus 0
68.06771372510411 378.7417304998669 101.53985011762416 378.93893880309344 101.30865914899914 418.17443271662006 67.83652277466899 417.9772255587863 nucleus 0
110.5939804836089 357.22988219270775 135.14021277602296 357.3745033050327 134.8727376406896 402.76774751731307 110.32650535627909 402.62312733318424 nucleus 0
144.16755751306482 340.21121255106766 173.17674123572942 340.38213077323525 172.92170807115326 383.6636891717449 143.91252435518254 383.492771942456 nucleus 0
164.36178077201475 321.501674794127 186.67653907286876 321.63315304142884 186.4577877355623 358.7569596439513 164.1430294388556 358.6254820153265 nucleus 0