156.5377700272802 152.42772945108817 121.46809964564454 168.5416247339095 91.53425204152882 103.39536310239596 126.60372056365304 87.28152146115201 nucleus 0
33.308135779661825 201.25585858895045 56.25713596753485 165.3476608338459 124.73693315550918 209.1119818064496 101.78819069522433 245.01995286442394 nucleus 0
87.75476800430624 324.3025183545495 57.29906820313772 310.2122837824506 78.76511948932603 263.81738601061465 109.22052392073965 277.9075404248439 nucleus 0
6.908283859520452 148.3236241303834 25.056458018152625 147.4783784336579 26.92772347960272 187.6553106416157 8.77954947121907 188.5005542109266 nucleus 0
614.5023598147964 -0.000005289326803737042 614.5023629208299 30.21926284374407 570.3755363732489 30.219258484461676 570.3755410000304 -2.992305601254395e-11 nucleus 0
520.0441510690143 -0.000008854898604293213 520.0441568889073 31.973253008013298 455.76341501386196 31.973246388763208 455.7634220000182 -2.0431088135051267e-11 nucleus 0
185.5116113476106 131.78141281397473 223.95580262964359 126.62487502321622 230.64694229891757 176.50938282219275 192.20275394625787 181.66590574476055 nucleus 0
264.6499087450502 200.76428979944527 294.85606911504874 196.71279626578723 301.7115987552097 247.8228454238413 271.50544185962644 251.8743216149279 nucleus 0
331.7834140503692 282.4017245040369 301.369660498749 283.0247834617908 300.04803705021914 218.50691212651049 330.4614243821561 217.88385692662817 nucleus 0
326.69050702308596 246.48201878802521 365.1347236735455 241.32566137463783 371.7669996153563 290.77137702960266 333.3227881289349 295.92770879716466 nucleus 0
260.7740385872603 255.23117694784628 301.964273357371 249.70653218550035 308.83449347944406 300.9262323496856 267.64426462839765 306.4508476081294 nucleus 0