557.6149871014786 12.978628641074145 557.4656330552534 19.395544216510242 529.3232319053641 18.740525519089278 529.472586999982 12.323610999983636 nucleus 0
455.4810770395852 193.85316176009445 475.6463155185338 191.3868294998564 479.54372977343155 223.25190108085752 459.3784923866042 225.71822719861945 nucleus 0
428.1544907432544 279.9525502591799 404.29712750301405 278.1522366875459 408.4072796619148 223.6895279959492 432.2643984914612 225.48983227284572 nucleus 0
489.4781848365528 406.11769058606575 468.35364763013786 392.10618127866474 498.18793527978414 347.1313537969281 519.3122392614896 361.14275781241054 nucleus 0
464.58790508033417 398.46124522580084 491.1555668341316 390.5217946026767 510.222854891108 454.318072782081 483.6552290988766 462.2574392020913 nucleus 0
506.06649188965093 507.8341224384582 505.58347788479296 466.48191076292795 536.5253960801783 466.1205788557353 537.0086387421179 507.47255950893646 nucleus 0
471.67554476312944 460.12720745495733 501.9234604810481 456.4281936697877 507.48112130699155 501.86716853595954 477.23321099576424 505.5661519476268 nucleus 0
421.28098311754 405.4906443106608 439.2468356110476 392.5361088796481 472.77795361740573 439.03243332017405 454.8122002486343 451.9868521953833 nucleus 0
446.92729210233665 442.50989325508203 427.9560670648061 460.0111958553564 391.13237412195303 420.10004483695894 410.1034157170943 402.59889457406393 nucleus 0
399.14203495078254 452.7738236709548 433.4230087403557 448.5816033985294 440.6681444802234 507.81733935192494 406.38717903937504 512.0095149573716 nucleus 0
617.3666105629673 617.6825982971504 617.6258302802307 639.8513553182097 584.0689533187106 640.2434131651714 583.8099096835504 618.0748304761496 nucleus 0
538.5339721756463 19.474517194071556 558.6992002937768 17.00811178879014 561.9924586745037 43.93363986893721 541.827230704439 46.40004447984852 nucleus 0
449.60070667664695 580.8495156678732 483.88174437619455 576.6577364537195 490.7727070453984 632.9980851020041 456.4916791355063 637.1898105737089 nucleus 0
420.87573215605516 530.0656246719086 455.15675168477173 525.8736599225288 462.8698174825695 588.9353162927791 428.5888077501295 593.1272257125803 nucleus 0
404.63778636738425 581.3747356095848 438.91881759169337 577.1829566083874 444.574196376343 623.4213248450428 410.2931730177079 627.6130600663306 nucleus 0
357.0268542897247 639.9999860278506 357.02730926685035 604.8756960974562 400.57765934587223 604.8762138922143 400.5775581354101 640.0001502492428 nucleus 0
372.89198648693855 505.89275406687716 411.20603975366976 501.2075170982291 418.31495440033905 559.3295618311028 380.0009108833183 564.0147443808152 nucleus 0
401.814886491411 458.54606471268187 383.95948722041794 475.0177748595101 354.2141794058989 442.7785247092121 372.06943211422185 426.30693649992486 nucleus 0
328.98189438135887 464.82497122750556 367.295934569338 460.1395995289772 374.0618893728242 515.4577985452777 335.7478577511938 520.1431226842965 nucleus 0
321.40357569522166 553.467611453145 357.70111954690947 549.0291299884315 363.17701072679483 593.799856666666 326.87947476406407 598.2382954788948 nucleus 0
298.60049757269735 578.3337392443401 328.1915676510107 592.1872936198649 306.2902532858425 638.9554362421947 276.6992839649174 625.1020434766915 nucleus 0
331.64640613911615 418.60508450185984 347.71230328165984 412.38139959922444 357.85432101241895 438.55863381892743 341.7884388319362 444.7822908669791 nucleus 0
616.4395901794342 72.28876076024935 616.7717043340235 100.71832759241346 585.5441259760846 101.08309444507125 585.2120406631002 72.65355575008005 nucleus 0
367.06580148937064 409.49595148797243 346.03471356291266 420.4438574354806 319.981653715804 370.4010100777825 341.0124574921065 359.45319401714363 nucleus 0
328.94338584497746 324.79385774181145 345.7663849580422 304.729914154216 379.3425151830161 332.8802960152398 362.51963105656614 352.9441319439636 nucleus 0
328.4995473721938 414.90789160214956 317.34008811807144 425.20282752029266 300.31995848112274 406.7557031667062 311.47937014800846 396.46080682742013 nucleus 0
280.79086487094173 405.4901453066283 302.9726608871715 402.77745385938346 308.68254387889465 449.4612475517522 286.50075160367123 452.17391868166436 nucleus 0
321.82640717786853 393.69197986580076 297.5598294885276 406.32425095698153 272.9039236281824 358.96502982914285 297.17020256561227 346.3328531520716 nucleus 0
259.21266294091765 379.6705983346271 279.37792635893857 377.2044664472049 283.2753297656018 409.0694603411323 263.1100683920522 411.5355806155451 nucleus 0
219.3900976209261 338.5550143477484 245.6049323303887 335.3489743052535 250.18823083803 372.8218196496587 223.9733990556124 376.02784366485315 nucleus 0
222.21167711650196 304.1865983779431 240.06646093374002 287.7142785109702 277.3938123683911 328.1715010664941 259.5391310485138 344.64371468046056 nucleus 0
277.77501601078256 285.69165157101617 261.43025913872407 296.38395955215645 242.56885968985443 267.55311728712803 258.91353021179384 256.86084750018153 nucleus 0
246.87798651451885 221.00858613941375 264.7287537165539 214.09280980344954 281.76328316898434 258.0599895671816 263.9125315967249 264.9757368568636 nucleus 0
342.0087105681887 7.960336387830661 341.5085559588624 29.449175521279102 311.41674346370564 28.748781259053814 311.9169025266456 7.259947347642017 nucleus 0
234.40039812863688 227.00777515556214 252.5491156463977 224.78809758883182 256.1580746607797 254.29474813815543 238.00935818610014 256.51441979579084 nucleus 0
212.57758781066514 232.655478915605 236.7758769878128 229.69591808010065 242.59476447245106 277.27075308346605 218.3964778718655 280.2303003947749 nucleus 0
227.28261117285 217.555117006496 211.03045417978137 236.9393267974886 175.19446971804427 206.89456887387348 191.44658260971482 187.51043093548844 nucleus 0
156.31793085412937 220.60369050302572 169.7189306403743 204.62029075840218 204.09864042776462 233.44428870785373 190.69770513800904 249.42762791913168 nucleus 0
179.10813601301925 190.3853328425593 161.07980707631214 194.63515767310824 153.1450074782333 160.97531326709708 171.17325936284033 156.72549782137983 nucleus 0
159.69185313755588 215.42238167431714 137.1596372363274 200.4759958357262 149.25612196508155 182.2407015078201 171.78828438605706 197.18706317442653 nucleus 0
129.08598499037907 217.0372448425499 139.67539406912692 205.36257209949844 160.9733387970482 224.680009115077 150.38395833260438 236.35465431526092 nucleus 0
146.3379787083977 197.32253917317513 131.8313360567845 210.7066325185693 108.66078736828058 185.59337732517798 123.16739075373334 172.20931662691018 nucleus 0
88.70489785971586 206.50531235270023 107.67519660941616 189.0031022796992 136.49253956449684 220.23666576490206 117.52229826139228 237.73881665329785 nucleus 0
87.63650398839673 164.397761506102 95.20928758807713 197.60424229218128 53.78420669490879 207.0509310577017 46.211535479305894 173.8445479278505 nucleus 0
526.0061052237143 143.1362678257581 526.3080424658256 168.98134215278537 497.6952439484012 169.31555990595933 497.3933499909617 143.4705281028816 nucleus 0
91.91444588308514 127.52811384397516 92.30697456907365 161.12671276982383 45.63093728895183 161.6719160912733 45.23849378005252 128.0734016757236 nucleus 0
5.0626032221043715 165.10817213618483 20.68512432379066 150.69451362307757 54.221394568739925 187.04266179246451 38.598918904099264 201.45627336173152 nucleus 0
83.60861005894549 611.49529379473 97.36017102106416 604.338069927251 115.3006399946753 638.7982221320657 101.54912294703536 645.9553813572437 nucleus 0
84.88984590570908 596.9240324814589 66.12058735372557 601.7028016418803 53.07656665187096 550.4826065294372 71.84542027011048 545.7038915627409 nucleus 0
541.7227787304728 263.0830174407234 567.9375997751777 259.8768703169779 572.9615915550676 300.9528357130001 546.7467731772922 304.1589689133716 nucleus 0
503.75711450338713 304.0838822284014 548.1206630829547 298.65817148567004 552.567749805603 335.01729836958197 508.20420514341095 340.4429854941627 nucleus 0