640.0001738849824 432.5062520000001 618.241830304105 432.5062520000001 618.2419558854599 384.5630269999999 639.9999850596214 384.5630269999999 nucleus 0
210.1208348506043 132.85289141492942 250.1001639842434 130.06071915377544 252.7335353284434 167.7656908465509 212.754206751124 170.5578571997063 nucleus 0
156.42758064641384 341.94194689495 186.41209539615375 339.84799709198523 190.09106331606745 392.52425478321777 160.10655003556167 394.6181895073658 nucleus 0
419.7538056630583 373.34212448864446 451.73728569854575 371.10860267516927 455.2556907165126 421.4855841389712 423.2722123678104 423.719089300374 nucleus 0
136.89039610762848 430.7991007055813 138.60221723196446 463.4164733019501 116.54356004735746 464.57388192088797 114.83186480581935 431.95662964051337 nucleus 0
94.34057056481834 541.2168532208636 95.78917562517745 568.8162016173558 67.68297065653314 570.2909117735021 66.23453390209761 542.6917240883538 nucleus 0
52.096553019437124 573.7807974683179 84.08005849320034 571.5476073221752 87.25070229171251 616.9455093142607 55.26719919151219 619.1786769638513 nucleus 0
12.234940999987884 477.59495199999844 33.22412854373397 476.12931315982445 36.38028072833549 521.3198909425438 15.391094479928142 522.7855174454361 nucleus 0
2.4710789020900847 93.32583105960455 38.45247456636571 90.81285785775779 41.45049307262525 133.73888577041416 5.469097924215021 136.25185438331343 nucleus 0
57.58635632431833 42.474862549828785 59.297876250275294 75.09219183104199 25.14410208852496 76.88430372260925 23.43260840549192 44.26700008442913 nucleus 0
0.5334950308315456 68.11194059969391 -1.0463401368178893 38.003632905382204 27.040404959770967 36.52987721743993 28.62025587790413 66.6381677912495 nucleus 0
527.7394589345931 229.14349719583652 525.7646293871949 191.50806801661986 561.7460718924121 189.62009595604997 563.7210011939169 227.25541855827313 nucleus 0
90.43331910288543 33.203540166399634 89.70923084438255 19.403902033966368 123.81957673467696 17.61407611647504 124.54366921796463 31.413710099704247 nucleus 0
18.646857785788598 42.00216842976748 17.659464658572688 23.184475493227097 63.69126099998539 20.769112999969302 64.67866377490282 39.58679488141078 nucleus 0
412.1045122866053 177.53552629964952 446.08694487120374 175.1622044146241 448.8953936892358 215.3739183209829 414.9129620039457 217.74723320113014 nucleus 0
405.41677950313897 225.58500312411786 423.4074818324734 224.32855867110445 426.2183442161768 264.5748538288347 408.227642384154 265.8312936741472 nucleus 0
410.0136602605926 257.9640810532138 411.59366200437944 288.0724394736855 377.4832851815154 289.862241665203 375.9033933717001 259.7539881469596 nucleus 0
427.0447338942904 305.1682436281495 457.0292409180547 303.0742383341534 459.8328559241054 343.216765442788 429.84834992668766 345.3107605768108 nucleus 0
400.42784872428456 324.90062921286653 424.26500898778613 335.62306086137716 404.90423515329894 378.66027869285995 381.06711486689164 367.93791313555255 nucleus 0
333.7987074144621 408.1129233317372 365.7821927441546 405.87944668183616 368.9407844678499 451.1046132432898 336.9573008381849 453.33807375215423 nucleus 0
283.08056398440385 458.4727868039173 305.06921445121407 456.9373241614273 308.0575582736492 499.72486860286506 286.0689089968946 501.26031949906604 nucleus 0