591.2656854302622 53.18726019014722 590.5181150302087 10.514703069906933 630.4430997328018 9.815268969008828 631.1906899180758 52.487805179822274 nucleus 0
382.9340122420399 286.89481847886395 416.738088234124 282.7596867974365 421.75368476004223 323.7587082935158 387.94961237748794 327.89382059290256 nucleus 0
426.87960655435745 313.07330240047474 456.4581768338394 309.45510080719794 462.54178334085736 359.18420037643114 432.963217208453 362.8023793181515 nucleus 0
406.6365020181547 315.24085421727693 430.13059475160844 339.8916346538038 404.74354354046227 364.0852710372954 381.24956233579724 339.4345998015174 nucleus 0
349.56181877198105 353.85409738543933 348.8538860846893 313.4437737608591 391.2002953382762 312.70198847908955 391.908435916921 353.11209951165677 nucleus 0
446.57281326326483 373.71308583774623 446.99771028303076 397.95929926047927 410.05776549609436 398.606420157169 409.6329994324333 374.36033593875976 nucleus 0
431.8930260410707 406.6405266496818 455.13334793111426 403.7977947019584 459.2701617676357 437.613304168172 436.02984263670805 440.4560209005394 nucleus 0
359.5533736447396 376.2340625592275 387.01920426959987 372.87441339747704 392.1158966065559 414.5362353872388 364.65006984304637 417.89586379741905 nucleus 0
395.7066939010838 426.3597617525692 427.3980501112237 422.4833611140559 432.2198238954297 461.8979421214949 400.5284721272619 465.7743173326319 nucleus 0
468.62221994801075 491.6047266985877 486.88195612223353 459.41986639356446 537.3758815264591 488.0620610754929 519.1165388725494 520.2465813437333 nucleus 0
577.9701696076518 517.3440863533858 560.7846203556983 547.6356954674525 514.6991428871843 521.4946579312848 531.8846982866671 491.20335966765265 nucleus 0
604.798676765422 137.26523614138176 636.4899702314142 133.38835158685737 641.9697146311228 178.18133647271173 610.2784232539852 182.05821071800563 nucleus 0
544.8498605717759 528.5869052799259 531.4235755016125 552.2522319982445 488.84305696963565 528.0994111829377 502.26934658137907 504.4343131268995 nucleus 0
597.3173825225967 532.7623856238149 597.8368651467463 562.3966973702908 560.4171867382684 563.0522456139474 559.8979337780474 533.4181594181451 nucleus 0
640.0002510294144 613.0767649999998 609.9329708005826 613.0767649999998 609.933247652225 567.212529 639.9999290618871 567.212529 nucleus 0
631.5129296139639 612.5809139494647 609.3769740850985 633.1850640096964 567.9275060180225 588.6657365107804 590.0631286376301 568.0618683775499 nucleus 0
524.0818400547141 564.2422843973932 570.5625677763601 558.5574772443866 576.3712279248284 606.0390949918478 529.890511072299 611.7238429832138 nucleus 0
512.6737775811489 617.0381191506508 521.7880936688744 593.1742434029171 563.4612710371584 609.0860254986551 554.3472412667325 632.9496586333253 nucleus 0
481.76416057474853 544.1035063076915 465.65250750791165 572.5018286002226 413.3557293128979 542.837647712566 429.46739046805305 514.4396699985434 nucleus 0
511.34434402396437 598.4194634566506 496.30624404620903 624.92424450945 448.618061436282 597.8741193359789 463.656168884263 571.3696613557322 nucleus 0
338.31552289106185 430.50286774887127 370.006883933529 426.6264910859507 376.4464592929289 479.2655015337754 344.7551046046283 483.14184348488 nucleus 0
334.00592628648155 465.3898441307963 357.2462647328939 462.54722932553454 362.6178567140596 506.45617447721185 339.3775223119883 509.2987665460158 nucleus 0
291.74688310420606 538.1159971942742 291.1333154694148 503.0936645893188 325.9332704478584 502.48413686563765 326.54706967790844 537.5062326208172 nucleus 0
277.27268256494426 474.9110865135074 302.6257803350745 471.8100703273002 306.57338086624804 504.0789874271709 281.22028642043006 507.17998526947247 nucleus 0
265.8677514716692 399.21263908491545 293.33358892516117 395.85303972017937 298.1012998498045 434.82576446449684 270.6354660568468 438.18534340852403 nucleus 0
246.71561916169594 453.00210287930884 269.9559525638324 450.1594574035476 275.3816111445485 494.51028186217764 252.14128177525708 497.3529050009337 nucleus 0
247.7227446593315 513.8206653324614 279.4141351667349 509.9445150582133 283.36172483956034 542.2134363625529 251.6703387870075 546.0895619061552 nucleus 0
254.03321644153039 502.5144772142135 240.0700975064683 527.1264620290372 194.9883203162608 501.5547674290232 208.95144446229097 476.9430210426027 nucleus 0
268.7259350781096 393.28552194501356 248.9384879789577 421.5261903138073 198.25265267543728 386.0157987175839 218.04002779652365 357.77538358361926 nucleus 0
634.3681079692033 216.817221102463 635.0289991014142 254.53349091931864 594.8221937668859 255.23786216719515 594.1614380410465 217.52172623239113 nucleus 0
153.0673345834657 384.2446246458198 153.7756136664393 424.65503979165555 102.86981609118811 425.5468099834584 102.16185181627225 385.1367041977832 nucleus 0
45.23476796799514 454.1471683888134 60.80899455831968 426.69516937501106 116.31090449875046 458.1780048288913 100.73702043009689 485.62970799608314 nucleus 0
150.35816266739857 282.2973678111594 164.32010703101696 257.6847324497302 207.59944966092007 282.23428699149383 193.63765427355247 306.8467936910862 nucleus 0
259.15799921051075 88.8553376353693 237.02485820795118 109.46221734326892 186.09290410960966 54.758139654562854 208.22599361701577 34.15130382050286 nucleus 0
167.98353817088355 107.41160873554321 197.56207728612935 103.79316230440355 201.94678501953604 139.6350396565054 172.36824693434755 143.25348011454827 nucleus 0
177.33357931123464 166.31280021222028 200.5738636753813 163.46977014593017 204.52147457232059 195.7386814099288 181.28119137247268 198.58170525741755 nucleus 0
194.3276850561233 200.27286951871756 195.03577562005376 240.68313472200435 152.23999599307717 241.4328494447666 151.53204970432853 201.02272586962943 nucleus 0
162.42606741659984 154.40702488162466 185.90738884777238 170.00153920324533 167.74437959371426 197.3497004723605 144.2630851578724 181.75521963916026 nucleus 0
137.8095943757944 160.8405105520767 137.14889123286412 123.12429912689375 176.79207457287703 122.42984304549975 177.45285479824815 160.14597671418295 nucleus 0
118.15322883070621 101.81887293844711 138.73048035500688 80.05870150545888 170.6600889944093 110.2523493176782 150.08287598255265 132.01248333771306 nucleus 0
590.7484590585227 228.3607127168147 591.3621827628231 263.3830036123475 540.4564509431657 264.2748315282285 539.8428933787363 229.25270472557992 nucleus 0
145.22185698049725 98.72935745310805 144.65550861743395 66.40119225692877 177.5975873169955 65.8240913499706 178.16396769565472 98.15222391711826 nucleus 0
140.30591545670177 36.83416681129492 140.91949594825564 71.8563384274079 105.83760961329972 72.47093829464376 105.2240545082168 37.44879151196471 nucleus 0
78.96309533454769 43.29853562644085 78.44393620587653 13.664397550147232 115.6655935793242 13.012311203770743 116.18476405012188 42.64643805514336 nucleus 0
81.97099948170944 70.19423180593199 81.49903846089728 43.254099491542505 112.01956924982369 42.719414280706715 112.49154736622586 69.65952907815334 nucleus 0
82.246948933971 72.88421294076402 82.76613961577823 102.51837330111756 42.55935858709563 103.22274563929557 42.040207449899754 73.58862401373847 nucleus 0
152.3529002383293 225.26177337074677 152.8721692529507 254.89597725094697 121.22453390911687 255.4504189532488 120.70535040307732 225.81629945631863 nucleus 0
129.51867486553965 222.298749347957 120.09387878344569 255.28897279030858 74.45767697463452 242.25178287568787 83.88255439480417 209.26169238933517 nucleus 0
131.206146644181 258.70264270153586 128.1314800142718 287.56969077268207 62.95088545710314 280.62726763260093 66.02571846124192 251.76040642901927 nucleus 0
29.447862649321905 177.98905525452176 52.137426409099135 161.50027343384374 80.96403827781614 201.166467075158 58.27452314464608 217.6551918407431 nucleus 0
14.405875999946147 164.65991300000294 27.562147012722562 163.50891608011085 29.7817636232503 188.87928981468238 16.62549285858404 190.0302848021084 nucleus 0
548.811542418407 105.13294293958738 549.3307390307018 134.76711768715572 499.55209530948196 135.6391606979277 499.032965903898 106.00505366687521 nucleus 0
2.7261429999634856 31.15995300000119 18.078115566968336 29.816832786438468 21.64654433130636 70.60419639206293 6.294571883190656 71.9473155642957 nucleus 0
501.0906902921852 216.45730882812103 501.6099644592032 246.0915371362768 450.98600887708017 246.978402932247 450.4668660894822 217.34430416691748 nucleus 0
359.3922912765265 36.16003562253507 399.0167608946649 62.47611996799635 371.6486587085092 103.68444932303753 332.02421633861377 77.36839907413784 nucleus 0
354.6278434683336 230.79913026671068 392.65741507573694 226.14700319042143 397.94791911052016 269.39319072934387 359.91835109409294 274.0452989541365 nucleus 0