550.8274771829019 308.8293992192839 573.2307098979072 306.08138880767564 578.9098424711119 352.37705029040046 556.5066125406156 355.1250449295339 nucleus 0
413.34471555768687 505.32100772794485 409.5520792321622 469.2751263389995 442.25176539621316 465.83516247705677 446.0445897000318 501.88083038915033 nucleus 0
439.89819735455967 573.6960759979876 450.748950653433 547.0747677291497 484.5642981307901 560.8545296611458 473.7137865589466 587.4756331448968 nucleus 0
417.7824204987701 538.7489358695025 442.2223688422673 535.7515313563383 446.985824675794 574.5825667728861 422.5458808919939 577.5799469890742 nucleus 0
408.2631064119778 492.83949371954014 411.2432377782534 521.1612495504555 382.6696594425448 524.1671355962599 379.6896955482953 495.8455334805177 nucleus 0
383.88803484718665 461.56216673135214 387.13905330063426 492.4586714400575 354.3061046740331 495.9126734983114 351.055284047834 465.01635083524627 nucleus 0
352.6009093793982 377.5545062159364 370.5223323469545 388.65906991066225 350.73784219763184 420.585045233663 332.8164669277612 409.48054343951935 nucleus 0
352.68111465862603 402.9110907344531 320.2598995246808 415.8288733265036 308.9303366722015 387.3967889845786 341.35129096255696 374.47906484111854 nucleus 0
307.8820935071417 384.0090297325265 297.474491353787 362.615906959268 338.44311912827834 342.68687931217846 348.85074791221996 364.0798709441265 nucleus 0
349.5562417669862 319.6261256998637 373.9961297113041 316.62829677893336 378.4142011702352 352.64383383107236 353.97431562669226 355.6416491998018 nucleus 0
395.5774064772413 289.73092543270235 414.87712778442074 301.6900494722224 396.3564489986311 331.5766835155429 377.05676502730057 319.6176080900208 nucleus 0
507.9586127874063 313.26813026459024 530.3618423483567 310.5201178799972 537.9498503468494 372.3763865159014 515.5466247034929 375.12437714145244 nucleus 0
413.2483160105767 285.7501309993912 405.58535027797916 262.9846769411439 452.70045592791575 247.12627707348338 460.3634780846187 269.89161922825963 nucleus 0
251.41478596757224 345.3565321139004 281.96465041168267 341.6092840531884 286.43871539854445 378.08117646349757 255.88885440825834 381.8284060274293 nucleus 0
298.2187456241809 475.3363372882549 281.23849192001217 449.1760861250681 321.28215856762836 423.18822964819907 338.262378504005 449.34827269534077 nucleus 0
255.6815500392986 534.9233526269965 251.88885777060932 498.87738807415406 296.8786415237264 494.14453402327047 300.6716077684541 530.1901861140473 nucleus 0
184.62345180967532 544.1953763337988 207.90055728204607 526.3625404752388 234.12480632432562 560.5853562640522 210.84783944752417 578.41803410135 nucleus 0
194.36583157483255 517.9449094304599 197.07510256877868 543.691980438968 170.32074731010653 546.5064980281927 167.61162540620717 520.7595637235875 nucleus 0
168.59136210608995 411.69545767613886 205.25122061873844 407.198929117115 208.40821580030024 432.9343342241858 171.74836054742627 437.43084448366807 nucleus 0
144.6054558592732 431.95389880554336 124.2440348391392 457.3087729979039 96.35193881520536 434.91285843297237 116.71328154108778 409.5581321238155 nucleus 0
84.53329023664992 350.00333375424486 102.86321022293123 347.7549895211092 106.65936610719655 378.70066779948445 88.32944782130653 380.94900254412585 nucleus 0
241.62358548790507 142.80229974096994 205.2662132352998 142.4550123202044 205.663051112424 100.91808838211034 242.02028609281115 101.26537514588958 nucleus 0
494.3269518511079 375.67101988748647 528.9112633795594 374.1875654436801 531.2889020137663 429.6118781371286 496.7045913007314 431.0953202644838 nucleus 0
115.96071699997992 636.2681700000035 114.17455394432181 602.1856040024583 167.94971463219554 599.3680023690403 169.7362752072513 633.4501502320793 nucleus 0
133.28098447382217 562.8314911652626 153.90535570440989 588.724484721796 109.47110818742658 624.1078170405777 88.84709062491311 598.2151494173361 nucleus 0
99.17597724503139 517.5460479837388 101.88538397727825 543.293191602555 49.72982653780491 548.7800355023483 47.020711228542496 523.0331599178937 nucleus 0
493.7960176544584 265.2261970568423 524.3458658245072 261.47881341246125 529.4289486004709 302.91532754236476 498.8791035460599 306.6626946763515 nucleus 0
519.2204256574769 205.22786218588692 516.7826309633529 182.0555098489999 553.6087595759454 178.1813783136585 556.0466079845355 201.3536702475524 nucleus 0
461.7797080485616 294.57300516286426 458.8000978864875 266.2512409667216 489.8140508491633 262.9885803998524 492.7937416249915 291.31025277208465 nucleus 0
493.8654317500914 459.80284843706113 510.91690605950134 466.3715928749236 493.25744820933323 512.2049281941582 476.20600477683183 505.63624200618494 nucleus 0
478.62582991845557 488.2245036509847 455.1897424031631 473.70361900207797 478.6871732817235 435.7861388363498 502.12298801845463 450.30691263277095 nucleus 0
446.17771994722716 483.73333254319834 474.6909665771818 480.2362039296196 479.1391699198721 516.4973004385836 450.6259275762568 519.9944053439518 nucleus 0