417.11781150304887 146.13658506034335 437.68032145853795 141.7156851653252 444.3361886090861 172.67293633739715 423.77368127148657 177.09382793156504 nucleus 0
397.8628334725363 243.9699532618229 373.9007261320512 244.26595049082755 373.2074696150812 188.1381222739289 397.1693599704304 187.8421263889487 nucleus 0
469.5703460770892 353.4938675507613 448.16198821135913 343.0822705103842 473.8038484118442 290.36191565814465 495.21195120825723 300.77343894633657 nucleus 0
444.26530828219256 350.7855356094858 471.4931805837841 339.4949060478415 495.69729302013 397.85840665605633 468.4694773098454 409.14893628476 nucleus 0
488.59879799885675 408.56113332792313 519.442727629139 401.9305227761432 528.2625950773217 442.9529891239568 497.41867928190914 449.5835557137316 nucleus 0
456.530322307226 409.49626568301846 487.3742474084429 402.8656383101614 496.6413916169404 445.9682666850317 465.79748092524824 452.59884756591197 nucleus 0
401.63882842316525 369.2479725897661 418.9985363584128 352.19823634375535 456.6972265543882 390.57830266617293 439.33764730660187 407.62790906987334 nucleus 0
430.74236835498596 400.227391519577 413.4958254275989 422.8129956369935 373.33312065056816 392.1478643522496 390.57958981931733 369.5624293369724 nucleus 0
383.8053748900711 421.45231349490894 418.76186224864796 413.93768244929987 430.5933106082375 468.9673134342071 395.63684514461784 476.4818745202445 nucleus 0
613.9911354619107 533.1210496190095 617.0177299773059 544.2835697516217 584.2293739999877 553.1716680000152 581.2028686889244 542.0092243685032 nucleus 0
444.75465432202327 534.8332686850375 479.71128221819527 527.3192428426559 491.0946149094525 580.2647494361445 456.13801355044416 587.7786909862278 nucleus 0
412.23200655687833 493.6321467188627 447.1885938660125 486.1179070238446 460.26607998792315 546.9431858127278 425.30952146735217 554.4573350656982 nucleus 0
400.0090749143419 546.8472427076447 434.9656904216681 539.3332827649922 444.96138771362894 585.8247098036491 410.00479560607346 593.338594543563 nucleus 0
394.8708807289222 576.5419233170381 401.9333151508181 602.5877423087884 358.6200477221428 614.3288234297685 351.55791439668974 588.28326228385 nucleus 0
362.0530923434126 480.37511544591393 401.1221582984581 471.9767224612565 413.0708333250368 527.5514659715423 374.00179554271745 535.949769428415 nucleus 0
387.23346720056725 427.9988537701257 371.00123403761245 449.2557619946044 338.5599560749688 424.4861261926547 354.79212934144016 403.22935589795 nucleus 0
314.72671800082026 450.36772266936345 353.795758211927 441.9691629705491 365.2737429059198 495.35473924567276 326.20472802300355 503.753218205893 nucleus 0
351.11667890974786 532.4826319562048 362.55051221516624 574.652098180686 325.17000366358843 584.7847660942507 313.73656652685895 542.6156404827491 nucleus 0
283.9019076826662 619.3337047913358 280.8375991268258 578.8995004380922 315.20741699328937 576.2954649612805 318.27200948027894 616.7293605643717 nucleus 0
321.7107384838164 428.6138420827725 314.98569617389876 403.80819911481177 333.2810934258305 398.84877711937906 340.00618085774477 423.6543480391829 nucleus 0
568.7378419795277 -7.839123539719712e-7 568.7378431374236 17.942219198143835 537.1634983071272 17.94221845768806 537.1634990880557 8.134535963220854e-8 nucleus 0
304.5441538509476 352.9777410181745 331.2755186553841 347.2310117634067 341.41374494596676 394.3850703668086 314.6823924954515 400.13176108281107 nucleus 0
315.251129247481 329.1761982555944 307.1815383195644 299.40927964015333 341.87099241506075 290.0058847229858 349.94065998878796 319.7726800077519 nucleus 0
290.82455918061896 415.6834447675757 285.44455869436206 395.83891967060924 303.60844986142183 390.9151459746429 308.98848514079873 410.75961508231626 nucleus 0
261.76810956545523 404.1700531414807 284.3869885057211 399.3075885209745 294.1951120169688 444.926431109552 271.5762443521089 449.7888599298732 nucleus 0
266.54781639219436 398.29858945562415 255.11552551681234 356.12886481133984 286.9831659323245 347.49038822327094 298.4155769675999 389.65992047211205 nucleus 0
238.0862125880958 384.0764331190204 258.64881492452696 379.6559398599799 265.2110051058844 410.1774858860507 244.64840916924004 414.5979587743067 nucleus 0
194.8020593194815 352.85794657193776 221.533425630696 347.1112184478609 229.20101806543244 382.7741630013468 202.4696607527585 388.5208624304112 nucleus 0
251.90292757324642 328.87744621973076 235.67128262788174 350.1347897066484 194.9714789243444 319.0595916928733 211.2030669235537 297.80237938432543 nucleus 0
224.4786865029164 297.8623155623149 217.08161364404077 270.5759867304767 239.4426522392314 264.51447958886143 246.8397661705967 291.8007419082265 nucleus 0
211.80994207097683 228.2637980969822 230.04124055732973 218.73950477343712 250.82729702167853 258.5263009698193 232.5960250756907 268.0505556590858 nucleus 0
288.53854000000865 -8.193832246794617e-7 288.5385405692796 14.95530712316274 260.92267236002954 14.955306528776484 260.92267300002277 -2.530528818439411e-11 nucleus 0
200.06931338815775 237.27330570340382 218.5755926611455 233.29459231718755 224.54992134546046 261.08188722512216 206.04364530991006 265.0605901549669 nucleus 0
178.81366061068547 248.47622053920932 203.488709193698 243.17130304487728 213.20311384282832 288.3541388157851 188.52807300216227 293.6590318252137 nucleus 0
152.85714733683562 210.0239145587176 191.3916585552215 228.7654014351687 179.1763542668923 253.88034757521672 140.64187211813987 235.13890574765296 nucleus 0
122.62686973248492 252.25304292422783 133.6186130168062 232.19280795835522 170.11838182726933 252.19145940270707 159.1267297257582 272.25161586848174 nucleus 0
142.16481268158532 216.08529343885363 123.69226315291598 222.38583477783612 113.44226002933283 192.33472001179257 131.91472810489358 186.03419378691288 nucleus 0
103.97859983531816 220.6000764084089 126.59737931397103 215.737181159718 131.96042428411602 240.6813587247837 109.34164816200791 245.54424333446477 nucleus 0
94.73920411568542 255.44635232771216 103.74769579764688 240.6560372243526 126.71468624917907 254.64412260271487 117.70623779237212 269.43440001272745 nucleus 0
109.93693049713329 230.99925528443944 96.74904311206774 248.2710507938101 71.49220267136116 228.98689451633857 84.68006914292346 211.71514646178437 nucleus 0
53.45897853570932 255.17808190066705 70.70483851210156 232.59197040080517 102.12763215211453 256.5840667388878 84.88186544149357 279.1700931645172 nucleus 0
46.26945591342519 214.22012985277695 60.93709279812174 243.58159891669285 21.000704697871697 263.5309891555632 6.333204284819658 234.16963665896196 nucleus 0
459.40012669532734 111.68927712093972 452.6758394324861 86.88345309269174 481.7925596103305 78.9906306375432 488.51686343165056 103.79642831961772 nucleus 0
46.111502897620085 175.7901856055845 54.85331392221269 208.03775321025427 10.131114205651102 220.16076103252254 1.3894317822996527 187.91330427388803 nucleus 0
62.031371999983094 610.8466630000048 71.50861250876915 608.809629227799 77.13982100001886 635.0012000000023 67.6625844569935 637.0382211379357 nucleus 0
508.9484478744271 193.02540681001645 535.6797264787019 187.27831281014437 544.4995583339187 228.3004563816731 517.768285746206 234.04753152694016 nucleus 0
640.0001044166856 293.38428 613.3448677853448 293.38428 613.3449997191929 245.64925700000006 639.9999815502088 245.64925700000006 nucleus 0
482.8934740927798 278.4067469549249 473.4791389107704 243.6786051161638 518.9900228760234 231.34179057040944 528.4044544333301 266.0697761795401 nucleus 0