250.88378553533403 11.873265427565663 275.8205266814912 26.348317466598594 255.94392273131234 60.59048699329394 231.00718771522224 46.11544278724992 nucleus 0
224.89613780198852 263.9796768543191 232.08957592811203 222.92272880097627 284.4637906519347 232.09861056319323 277.27057974880154 273.15535735035803 nucleus 0
229.1217479336774 208.99613571669565 240.5347886315576 179.91802918107487 293.4570019911189 200.68914776753485 282.0441101857432 229.76712798884887 nucleus 0
245.66831105541496 191.98929431429627 219.77873248819378 195.7603569827148 211.6946457720769 140.26104071769328 237.5840487927053 136.4899909852142 nucleus 0
351.12865079201583 87.73348352124901 344.3852889214759 126.22438158082915 310.79404673859244 120.33941485925104 317.5374481538165 81.8485683237898 nucleus 0
348.5386018698773 214.2309307484138 342.24464912040276 250.15577498046508 292.45501687961223 241.43294079490204 298.74908949910605 205.50825470225502 nucleus 0
339.3127810815349 93.09674249081004 360.1568731640873 80.82000583440703 376.82933464151574 109.1272025585701 355.9852538013365 121.4039240382589 nucleus 0
379.5905915903859 143.36773043677655 361.55099895084277 123.5457372272286 384.9617794252117 102.24033931079775 403.00134797755163 122.06230217417657 nucleus 0
428.24847131261777 101.24440249312266 421.95464413933223 137.16922937546397 396.8109814788477 132.76421443932742 403.10483974237286 96.83942702381663 nucleus 0
406.88947839800676 147.7539296466763 399.24693466047756 191.3769735643424 355.0215044384822 183.6289382587668 362.6641420437227 140.00601395919875 nucleus 0
372.3597902630718 194.60092745996886 367.4145544226485 222.8275778018967 342.37041416185093 218.43999594058545 347.3156928495155 190.21340002050528 nucleus 0
301.7818505019386 37.69388500617318 274.78302404197166 36.77846329191388 275.87954252747295 4.438729611760829 302.87835372997506 5.35415104931579 nucleus 0
375.80674108721723 254.85492921046352 353.64513538894244 245.44110180392744 368.1139588584483 211.38083101020806 390.275440738842 220.7946285295705 nucleus 0
438.101583859534 142.6428980674446 443.04679642940755 114.4162465084054 472.26490599496174 119.5351008493134 467.3197397743206 147.76171109378356 nucleus 0
399.5968736973009 188.79345837558628 404.9917310677847 158.00073961272182 436.1973004241736 163.46780796526804 430.8025150211324 194.26046323347572 nucleus 0
394.1302993614954 203.99627465742788 419.3067372641963 207.40715865309696 415.07338783951127 238.65327256840519 389.8969516494981 235.24239741941892 nucleus 0
380.8578069332725 254.65071161045913 410.23033100362227 258.6300034922238 405.2748765004071 295.2059156994424 375.90235539151763 291.2266388066014 nucleus 0
434.48560878940043 189.9910494073588 461.7600837914506 193.68618092408593 456.44359285106475 232.92695427048554 429.1691202487709 229.23183429791612 nucleus 0
502.4554717067076 151.27242344084414 495.7120301001123 189.76332251738822 462.1207538143062 183.87833280090416 468.8642585307389 145.38751662907805 nucleus 0
532.8474274836481 155.51055699055274 518.7519246135344 128.17563848632045 560.0224505766528 106.89438731003206 574.117961523225 134.22924296589036 nucleus 0
319.82921835435263 27.000488034304666 347.10367700157803 30.695725039023664 341.77617470981204 70.01783429092582 314.5017166505568 66.32259996879695 nucleus 0
351.1012790348468 32.729096594945865 380.47377462316945 36.70858141872327 374.8734316934133 78.0445121218842 345.50093677469704 74.06503076431346 nucleus 0
419.5033395604696 38.881523038869176 413.2095440504054 74.8063430679691 381.90439616984804 69.32187677046898 388.1982093273109 33.397079687871376 nucleus 0
145.05496131634573 114.46134371595257 124.76048189535504 92.16153802724398 160.35641133181343 59.766818507636316 180.65086015150882 82.06658651643079 nucleus 0
228.3231187274214 134.38677999357472 209.0715244099556 117.4156246293986 243.66984845262778 78.1686589749333 262.92139692945057 95.13977951045268 nucleus 0
211.9252839122055 89.91026799493079 227.1216986613581 96.36561829658612 207.31604578388215 142.98927784701678 192.11963927809848 136.53394153535405 nucleus 0
194.81225531293603 192.7970497364393 213.69458588742418 195.35521467523535 207.7111352274369 239.5188094868311 188.8288065714005 236.9606536629428 nucleus 0