42.02553673829243 259.5975777462015 0.3010292803082848 260.32569977946355 -0.7458964813122293 200.32265234937677 40.97817678106367 199.59453414077012 nucleus 0
0 179.973822 13.140116000000003 179.973822 13.140116000000003 227.57694 0 227.57694 nucleus 0
107.01945545952185 157.30514043441363 134.83565947244642 156.8197172287293 135.3409675713192 185.77477820292646 107.52476357331034 186.26020051123564 nucleus 0
104.94462111062603 108.91762741034462 136.65861237335776 100.41119260801452 147.25231385440566 139.90660379962435 115.53832868441532 148.41302257367636 nucleus 0
0.026658279239200056 177.78518465226585 -0.15435924600751605 146.6703542592347 26.385210548105533 146.51595608124882 26.56627745498554 177.63073738743387 nucleus 0
0 113.319961 14.603675 113.319961 14.603675 141.925671 0 141.925671 nucleus 0
0 55.490681 33.652354 55.490681 33.652354 106.636766 0 106.636766 nucleus 0
0.04203569136734586 51.099125964046834 -0.16487070206494536 15.53935241940435 29.738936490466585 15.365355968153828 29.945856022895896 50.92511669467913 nucleus 0
500.40224223965197 488.1668984816809 495.2827288894332 521.5136901688243 415.1594221608684 509.21443793916774 420.2793419178488 475.86815211025214 nucleus 0
459.8833433179243 432.92620292549 460.0516776002769 461.81867462606954 395.98376590394764 462.19141368789917 395.81574139519944 433.29925066218664 nucleus 0
84.53767803635856 639.9999611181797 84.53803497526678 617.2230767851722 134.9205749543762 617.2237312892064 134.92048599866393 640.0003470218984 nucleus 0
639.9999991423829 476.3292768107167 640.2460670941946 518.5567737258898 580.5387676675309 518.9040112850446 580.293168853168 476.67697731643057 nucleus 0
556.2386820380925 403.47234637902227 556.0319043102936 367.9124947635138 617.3949067605281 367.5556945895554 617.6019966243621 403.11522650761214 nucleus 0
555.1914654091524 347.9144074140721 554.9976770897774 314.57698536130874 622.0285457698628 314.187195344274 622.2226070331089 347.5243452272818 nucleus 0
615.8048560682801 280.88477783512695 615.9730979949381 309.777182917398 574.162722237088 310.0204775591319 573.9946140041138 281.12820603421324 nucleus 0
562.0255053246365 230.078864056083 562.1678408373555 254.52625687554826 528.6523471164401 254.7212860858852 528.5100858561054 230.27396670916178 nucleus 0
499.92749199846 190.54741842079142 533.3069359736692 189.964916319843 533.9679407380027 227.84167064954653 500.5884968011378 228.42417103793832 nucleus 0
506.56834840294323 111.91670137186561 494.2205795323389 143.5091123761471 438.18903037536074 121.60953888819566 450.53683124097006 90.01721277200168 nucleus 0
84.67612698579615 448.4448177446403 84.92210718497518 490.67228703947904 40.09683442884125 490.93302027159666 39.851186715168296 448.7058818302085 nucleus 0
83.89036705404578 426.3695499573131 120.05143356967892 425.73857898285735 121.02213895246678 481.3616514211378 84.86107255812385 481.9926164827002 nucleus 0
1.8133700000180397 426.70158099999946 11.549045600404497 426.5317045815567 12.247137003505486 466.53373779252945 2.5114614309131866 466.70361307972485 nucleus 0
218.45969203466666 394.46573907528347 200.3755587679916 417.5872434395154 153.2632221554377 380.7430519683277 171.34725714371598 357.6217511091403 nucleus 0
149.0426336650853 375.2501012699235 130.95858510823746 398.37164913737024 97.72282404592261 372.37954051053725 115.80680851780926 349.25812764236474 nucleus 0
48.93732094395091 350.8603333294962 48.78222701998311 324.1903673730019 110.09362038843392 323.8337624447018 110.24891822620702 350.5035210431463 nucleus 0
0.03695853265526239 306.6936543267419 -0.16986438487947453 271.13379519791897 36.92944943897601 270.91803232577297 37.136413790794904 306.47774889987244 nucleus 0