350.32755335727416 603.1696220339265 330.19685301165737 603.8756653117197 328.9835285983281 569.2855611452425 349.11392425216036 568.5795232292809 nucleus 0
471.2238432159211 458.5239744832796 448.57688262382 459.31834651438044 447.3635287327488 424.72826734927696 470.0102320897713 423.9338998341646 nucleus 0
464.86170156400476 420.80413664431705 487.50855853992107 420.00976649551893 488.55132482931367 449.7340827619092 465.90446807138505 450.5284490840876 nucleus 0
508.56112405592285 434.9795309838346 492.08857503799663 417.53757969410356 517.4343665169727 393.6035994922807 533.9068342219252 411.04545705861676 nucleus 0
551.7654551002488 386.89315299000873 554.1799739590351 406.6454698162361 525.2133478391625 410.1858201284361 522.7989230123057 390.4335888948713 nucleus 0
559.9143708230986 393.9161641435924 556.7756693722185 368.23813483345276 588.0793925462058 364.4121738581038 591.2181917183625 390.0900893357107 nucleus 0
622.1632330947614 346.8166283351673 606.7300589115621 335.57952075774443 621.151779765205 315.774251564281 636.5848895553063 327.01132515687624 nucleus 0
49.14243823994184 635.7824562445045 48.446237326570554 625.8278687528959 78.65964691096451 623.7153733732431 79.35591296823986 633.6698901362796 nucleus 0
11.444862631251453 638.4185275687246 10.29207703701104 621.934531907762 50.853574913635384 619.0986131564671 52.006505095778266 635.5824525791219 nucleus 0
39.999927531025605 607.8167494877731 41.69038216583431 621.6433707045171 8.90633243994671 625.6502693258609 7.215992998244474 611.823752862431 nucleus 0
18.482123855064856 606.437264475048 16.550365857983707 590.6354100681875 54.00871471443679 586.0573220051235 55.940585740318056 601.8590434868763 nucleus 0
306.39788944223255 571.8267259830395 329.0447465012403 571.0324467524825 330.11815361474873 601.6302012474849 307.4712968260428 602.4244751728439 nucleus 0
43.117129248494166 595.4073642234522 41.18540987576125 579.6054947272537 78.98665622604312 574.9855305601893 80.91848755146202 590.7872688155719 nucleus 0
96.60065140385996 606.9131382482078 94.18592849491688 587.1608150913786 127.14130592998117 583.1330101913652 129.55615293307346 602.8851886760319 nucleus 0
72.97227809831384 579.7300113289509 71.04056909047358 563.928101411781 121.38508624295355 557.7749732590462 123.31694045999029 573.5767145310285 nucleus 0
130.77789308241336 528.1582366601841 137.49077444968862 540.8826050072835 101.53969288818189 559.8446404638809 94.82693356920208 547.1203768242548 nucleus 0
131.13493698765524 533.5942262489731 119.80962609741255 521.6032451525808 144.7154902850889 498.0847499250415 156.04073264570616 510.0756519212262 nucleus 0
137.45009311387548 462.0747869826271 135.79139192559524 483.8477932735879 92.9017239226232 480.58070452282385 94.56057528288511 458.8078626864104 nucleus 0
91.2470305251918 459.21691738425295 89.07402509939857 441.4398294799638 117.01205675541132 438.02526078381754 119.18513359625649 455.80226559091295 nucleus 0
41.97696777227975 481.2767383997599 39.562470887904055 461.52437639063686 75.19791502258158 457.16902674475705 77.61251781448664 476.92126466183606 nucleus 0
29.037870076135732 495.9544525138335 19.771842859408935 486.143542525268 38.76130635107984 468.21184437304765 48.02729384180566 478.022708534226 nucleus 0
3.6966260142071405 489.41671594664354 18.79453030145669 488.88715840543483 19.43244735848566 507.07111413016673 4.334543169898097 507.6006698865491 nucleus 0
310.96629468534957 570.6889386236347 313.38121810302255 590.4412662726573 269.7052483809239 595.7794809476515 267.2905325413012 576.0273426702394 nucleus 0
12.642291548763751 450.68182660569926 34.15721834549913 444.32506353445535 42.73358790909697 473.3479080101357 21.218675012132735 479.7046380449153 nucleus 0
50.52644340037659 410.0659692159425 52.94099771992478 429.8182785438408 22.66564151716011 433.5185909671535 20.251191337956698 413.7663767365965 nucleus 0
188.3406290628045 359.1414515423639 185.92629274608043 339.3891155014217 214.72135054602404 335.8697730269898 217.13575020839926 355.6220353441577 nucleus 0
30.874677596439142 359.1769077616147 38.29500256470055 345.140094477438 65.50598218738742 359.52335756581647 58.085724597622175 373.5601130587247 nucleus 0
34.24961747477937 354.9048254871308 14.118999278653064 355.6109648039625 12.983327209149138 323.2354232509048 33.11378062899166 322.52928683215134 nucleus 0
35.47582182029146 318.0430252638721 55.60635847199592 317.3368766397378 56.67976604803698 347.93458408698586 36.54922951951448 348.6407300324746 nucleus 0
88.89075067156227 324.41099200489873 76.37353685175185 343.51385274922905 52.85170813534933 328.10226301467276 65.36891032323183 308.9994675434289 nucleus 0
49.28499094799918 297.9524587193658 51.216504099284066 313.75431476968276 23.10703326947987 317.1899134632051 21.175576414825628 301.38810859250054 nucleus 0
55.76786969184468 277.11272747572895 58.182237509900006 296.8650561100949 25.91246268581017 300.8091205953776 23.498170826933347 281.0568611109103 nucleus 0
57.43409257454914 225.80393123435076 75.04831137441215 225.18602836205832 75.98165937160957 251.79136906241774 58.36744065920357 252.4092704702589 nucleus 0
322.9787934254273 569.2885047707846 299.7848243266344 563.0558250567086 308.69124118347827 529.920162395334 331.8849017351022 536.1527983536741 nucleus 0
148.9485983040504 320.8698105194404 161.5301843042107 320.4284676512965 162.18342004038277 339.04910769726933 149.60183409588353 339.49044955706495 nucleus 0
147.9681996110594 292.9233265016557 168.0987370040384 292.21716908559466 168.7443124227866 310.6194597672087 148.6137751006754 311.325615723618 nucleus 0
15.400784943703911 248.51421367235574 0.3028517226630356 249.0438411862454 -0.654521447213483 221.7523825140877 14.44333930798166 221.2227562774504 nucleus 0
21.383732839676668 231.2792837360777 -2.3755186346534174 224.89350104839306 3.8223116163135273 201.83453000694757 27.581477450512466 208.22030063805403 nucleus 0
295.57882695844455 335.2433246871775 318.2256799476454 334.4489157931559 318.93362230519415 354.62904271545153 296.2867694362649 355.4234495529304 nucleus 0
294.9132225845824 244.45369349510963 322.5927093012433 243.48270733648857 323.36302262301615 265.44066315013924 295.6835360164405 266.41164728535335 nucleus 0
254.74313654231082 276.29836011026566 242.14561474320362 285.3509450298721 225.28348102932796 261.88694037780505 237.8809519776405 252.83438173027437 nucleus 0
266.20545296791533 254.98775346655887 243.25633231281245 261.76903339565996 233.97120574758446 230.34760237714704 256.92019858302956 223.56634262991219 nucleus 0
151.67232842897647 156.86414092609658 138.2616034308012 177.3318389816282 117.63211181634688 163.8153407755172 131.0428313344164 143.34767301380964 nucleus 0
24.242499732790748 96.82356976537663 18.193063412909396 73.1960756440547 48.98473868735891 65.31240219632554 55.03418973596126 88.93987353470214 nucleus 0
303.58323774678865 515.5421925501722 301.9998697954725 536.3255145723897 266.0814333669259 533.5894584030204 267.66493489412824 512.8062825806437 nucleus 0
139.2296429707494 133.1093270246858 149.95820128715422 116.73515289468511 175.74504007447104 133.6307969736483 165.01651041930018 150.00494583600852 nucleus 0
222.3576505875826 132.45799637816725 224.7718883916241 152.21032532957605 186.79922009156144 156.85142177810167 184.38502687684377 137.09913341040146 nucleus 0
282.2226284928911 125.14112264196837 284.3954438401124 142.91821521590222 239.75377030394156 148.37442484902144 237.58099970247713 130.59737316209836 nucleus 0
349.61123418528587 169.02785678897746 352.0255019342585 188.78018763414235 311.5441646440013 193.72789745915355 309.1299567042006 173.97562119168202 nucleus 0
299.73484803180327 159.08602418844492 298.04490189868375 145.2593970772405 333.33747710552416 140.9458533939481 335.02744664678175 154.77245256756444 nucleus 0
313.2171736410237 65.22025538619444 315.87280764571915 86.9478013162998 267.5227400516451 92.85727873952771 264.86714031263546 71.12976430143243 nucleus 0
303.14431003331265 119.99986263906467 277.98111517258803 120.88261233921544 276.9701108325535 92.06276341006104 302.13324817086686 91.1800147236494 nucleus 0
295.310304127197 102.75379720329767 306.932872841644 85.01508398753074 334.0207929266762 102.76321088352637 322.39824915603094 120.50190203969807 nucleus 0
466.18291470273107 220.93648827041102 464.25152479016106 205.134630320092 496.86405217689753 201.14865528616127 498.79547693293716 216.95047260166638 nucleus 0
515.1968947723799 176.85586602071453 512.0584272349515 151.17784616267033 544.8423425633518 147.17093690311899 547.9808536404016 172.84890580676 nucleus 0
264.8710656349431 510.16666810858146 262.2150212978886 488.43912564877513 289.8102024536638 485.0664123591128 292.4663424502796 506.79384275242114 nucleus 0
502.8107215453929 150.30340088653082 504.5006906604249 164.13002651815492 476.73405396846647 167.52372705399534 475.04410996843944 153.6971243336638 nucleus 0
437.63861600840755 192.34946719660383 433.77587096518255 160.74575669270783 467.41675622753974 156.63410545953576 471.2795608381566 188.23774666973526 nucleus 0
435.02162759665225 176.63137313747083 437.9187639393058 200.334169867787 400.9744526173745 204.84958362834038 398.0773851102276 181.14684966674685 nucleus 0
406.41385168411944 173.5988620134282 392.1090354638727 195.43104390177632 366.94927724027366 178.94629573314322 381.2540858468856 157.11415719535452 nucleus 0
421.9421266356221 148.15895862351417 424.5977987517108 169.88651506051934 386.62512242503 174.5276055807792 383.96950505528366 152.80009901152215 nucleus 0
467.364384807006 160.5646189529225 451.0644376966957 153.383892873602 460.5112087119778 131.9405211728273 476.81111934733053 139.12123795555755 nucleus 0
393.04049503582064 141.43308585656015 408.2393120177585 118.23635670507977 434.67666746226314 135.55825360296575 419.4778933753696 158.7549448951975 nucleus 0
349.02556574103073 135.15981763477134 384.25400188534695 133.92397884662952 385.3897765576403 166.29950464565195 350.161340541963 167.53534119115147 nucleus 0
366.7996336525539 126.83232857100343 364.62686500548443 109.05524728545758 387.8903358702519 106.2119386894632 390.0631199648342 123.98900216563746 nucleus 0
371.4903209113254 111.7109661981474 356.2915909032745 134.90774412088746 329.8541860238038 117.58587364435957 345.05290982240695 94.38912779260347 nucleus 0
345.9298274655157 511.7296538453463 324.2840865668404 515.9700270457607 317.6974225462618 482.35280976902715 339.34289808043104 478.11246325094487 nucleus 0
352.0453505674959 95.06999806672059 360.98577336342714 81.42482710718433 385.1580066227325 97.26256011703595 376.2175996515725 110.90771710476474 nucleus 0
352.16960809673765 61.133166029336856 332.00327687743993 70.78254277815239 318.6632570108486 42.903134811147595 338.829568385554 33.253763577217626 nucleus 0
346.8507010709436 51.08580709831331 344.1951050468924 29.358272102835627 374.98454609449254 25.595107761533598 377.64015030079463 47.32263323369398 nucleus 0
442.971690414779 -9.86444241757574e-7 442.9716917932092 20.946690200960447 409.93897780412226 20.9466888824045 409.93897912740067 3.5304118400019524e-7 nucleus 0
361.91648026680923 438.16333282177914 364.8139924436691 461.86612421369955 331.34422946721315 465.95678621464486 328.44686481061217 442.25412859924603 nucleus 0
388.0388617840799 444.9942859259296 385.38305022288114 423.26673896827447 428.2015612352552 418.0335940474937 430.85750169790117 439.7609897168496 nucleus 0