576.7181150218676 173.97254663752133 571.1744707428443 200.81825172799114 531.688347566087 192.6644827876068 537.2320456519083 165.81885194057492 nucleus 0
335.11571097340493 226.7888859141525 374.45415559042885 216.91122731780368 387.40439104425604 268.48424745636174 348.06596339338284 278.3618579950646 nucleus 0
386.67691430222476 214.28073163112884 417.707939708489 212.89291019224305 420.125669825793 266.95002365165203 389.0946448793693 268.33783840400963 nucleus 0
408.4704674643581 222.88546633574796 396.43320708491956 199.15251810362406 443.5715568881278 175.24481313936107 455.60883138699865 198.97766823395003 nucleus 0
501.06584697750804 263.1472773213037 537.9456773741549 253.88709684395513 546.2524276184558 286.9679998750197 509.37260905484436 296.2281479916446 nucleus 0
374.5020632203523 296.05129443193516 397.1477750088525 274.0302033736494 436.4553508904646 314.4500721934569 413.80977794877253 336.4710226847784 nucleus 0
537.0955044518632 279.56309798215284 556.6687100317358 295.2364852231108 537.5647560363723 319.09220701320623 517.9915983466344 303.41887308589423 nucleus 0
507.03101597813657 331.58558067654127 518.6887248815037 309.4632071012473 547.5710878914833 324.68202056156235 535.913482033211 346.80430578449557 nucleus 0
528.9028529565257 369.77383767897913 524.4643275486305 345.0381352316202 560.6090135753038 338.55298464104686 565.0476316202548 363.2885670586369 nucleus 0
461.28355260865646 323.30065235245013 503.0807586393348 312.80604830956383 513.9860127493012 356.23521341632784 472.1888278405095 366.72975813673213 nucleus 0
452.84562774410006 315.3348690291927 457.28423871827545 340.0705818373933 428.783793636685 345.18422648694195 424.345282176364 320.4486015618665 nucleus 0
571.2769824839779 228.74790523279646 563.7884487341216 202.79667792168613 595.215361717419 193.72837085040663 602.7039346053061 219.67953064053674 nucleus 0
443.9594467603456 345.90782203515937 438.0429930437822 367.4011246310889 400.34696810929745 357.0253836447911 406.2634892913047 335.53219139025214 nucleus 0
560.8296484882158 381.06667856047324 566.0081990580511 409.92498408904964 537.3664505773922 415.0639407414206 532.1880406537821 386.20575952175244 nucleus 0
474.3511432741798 364.9323186204309 503.8550721754291 357.5244803096474 511.946926598539 389.7494102429713 482.44301025391906 397.1572140490978 nucleus 0
459.31927789453766 363.1097182805046 463.758018666922 387.84543598268283 433.0393230187474 393.3570950620258 428.60070530216035 368.621486307982 nucleus 0
377.2235464191908 401.24417938414035 372.04517430989654 372.3858335981763 407.90711269357416 365.9514261656053 413.0856003861845 394.80962093742426 nucleus 0
454.9751373577601 429.8470672010453 450.16653847262205 403.05006070832627 488.5294063013862 396.1668656355844 493.33812905861123 422.96371112342445 nucleus 0
543.5421840645722 413.95572746440826 549.460767130513 446.9367064391495 510.39112868784287 453.94671891446995 504.4727854863595 420.96595268579415 nucleus 0
558.5156785896106 476.9970974558015 577.4020018713054 455.4941039846647 613.6352279958373 487.3128173677916 594.7491002424067 508.81562477716847 nucleus 0
557.874761727071 275.21342661488654 553.0665417212731 248.41638281073742 591.0054895465873 241.6092813937014 595.8137862213334 268.4062252969607 nucleus 0
562.9880827815941 308.3386873579732 557.8099521605327 279.4803277944088 598.956708841215 272.097697892466 604.1349399030878 300.95592646047567 nucleus 0
590.1955578922934 301.5083196020507 621.5128460913547 326.5855509635663 603.5937313197064 348.9616981371471 572.2765206862823 323.88455340922314 nucleus 0
495.5655345520063 104.7239768794651 482.4514395845472 129.61203196173017 438.50781659421045 106.45726080236643 451.62191585448454 81.56925592208458 nucleus 0
453.9449905278161 189.29333998887085 462.98795114373206 166.99365336575514 512.6121636340395 187.11672194111185 503.56930208887206 209.41632444756453 nucleus 0
489.4634357104951 161.14730762890517 488.10206588808796 176.9657183914934 437.5725195238192 172.6170188997798 438.9339342976018 156.79865830736534 nucleus 0
388.613081631338 175.79523793032084 391.9418397640402 194.34705722853292 348.8594358458795 202.07705379393047 345.5307424807688 183.52529211657105 nucleus 0