40.27401308034314 172.65111691865627 32.7389419543033 171.6322494781877 39.26220399996964 123.39028099999922 46.797233106481144 124.40914546372082 nucleus 0
379.6100168101839 484.08633385718895 422.66750355665863 489.9074335932304 417.2122461440449 530.2512238622336 374.1547683274257 524.4301688660752 nucleus 0
495.2264230394212 261.34091856002533 527.5194626128359 265.7072970765241 519.9026063536439 322.0369341927622 487.6095720582816 317.6705824897886 nucleus 0
220.2194198086363 171.30094975386362 254.66530434481683 175.95855986672262 247.37245191070542 229.89214007430525 212.92657092766603 225.23454886127223 nucleus 0
589.0945113436464 201.8730020640329 583.6197589660151 236.594079463231 559.9498607218993 232.8619307214022 565.424667190091 198.1409198652206 nucleus 0
640.0000107797678 127.78199900000003 630.2376655206172 127.78199900000003 630.2376776337042 100.202029 639.9999999183638 100.202029 nucleus 0
596.3512773122784 567.2895094215152 627.5680090704554 571.5095314974959 621.3494685290789 617.4980521046208 590.1327451962425 613.2780731500214 nucleus 0
101.38698161463253 357.64025124157047 95.06961534818402 397.70304427163666 56.49193611177907 391.6203148574212 62.80947765924793 351.55774121110676 nucleus 0
181.89094574205228 389.90576441501787 218.48977160050708 394.8539998904936 212.67213124869158 437.87785286083647 176.07331199724285 432.92965045351013 nucleus 0
216.71908075390093 343.0992001574382 236.09492349984066 345.7189271588833 230.27088050861494 388.79012429087885 210.89504083014617 386.1704127688335 nucleus 0
274.04024479110376 327.3810271551486 268.9864277399465 359.43126831465884 232.3789242294879 353.6591749637573 237.43286227319913 321.6090827489384 nucleus 0
198.24622375883337 252.73951420067405 230.5392590941483 257.1059125910211 224.73441973786976 300.03500297749474 192.44138827001734 295.66862404040035 nucleus 0
257.2712319257698 285.3175792297525 234.3818288750481 268.5941586094236 264.31941519527754 227.62068516496896 287.20866611154634 244.3440249251243 nucleus 0
318.27514423275716 159.48601879943925 352.72102911490947 164.14364634030272 346.1785886907455 212.5276348763396 311.7327066431608 207.87002306918998 nucleus 0
393.5109020728123 121.88484802865212 417.19244394626 125.08699774777551 410.9996033992502 170.8855488394121 387.31806307470833 167.68340715017848 nucleus 0