418.1341142497695 -0.2670547242445496 432.90904777648393 9.30257285339672 415.55587550195924 36.09482683597809 400.7809437400283 26.525201345053652 nucleus 0
434.2844951342704 5.558149171455749 450.66908163717017 4.027956871084007 453.7971053686488 37.52137000778254 437.4125189329061 39.051561898789544 nucleus 0
450.12657518112974 63.77964495780617 447.966808107376 43.22239433906943 474.59271538304165 40.42505315975603 476.7524918522395 60.98229257464479 nucleus 0
448.47929659095826 69.0650972942567 460.7677376482752 67.91745933159586 463.8957589355414 101.41087451271565 451.60731806587137 102.55851123977078 nucleus 0
460.99253958134796 70.32455941315308 473.28098042293277 69.17692015999594 476.1709383664129 100.12122831866037 463.8824976644537 101.26886644416494 nucleus 0
469.30886151669256 4.524263125869369 489.7895928379876 2.6115203074775497 492.43264489727153 30.91204824498424 471.9519136713643 32.82479070210377 nucleus 0
495.04955307915225 14.690510379292544 517.5783577335096 12.586498366004575 520.4749433147663 43.60180620464785 497.9461387699848 45.70581750334982 nucleus 0
0.6305538951710332 25.415805866343362 25.452202630331158 22.270242633590918 33.596947413825546 86.54032948886646 8.775299500048277 89.68588842372304 nucleus 0
541.0856905621768 23.047129024914824 544.0553857990017 51.31334865955249 517.3997739864717 54.11381759491336 514.4300908938749 25.847609733651346 nucleus 0
530.8644326574722 3.1986679403744515e-8 557.4893856864219 -2.4865616423603996 559.4744058476499 18.768116496360953 532.8494528265583 21.25467797832965 nucleus 0
571.5475540744956 15.155313425981998 563.2658356567117 8.402014783284665 575.5976395732432 -6.720746107539439 583.8793574178999 0.032552151424129525 nucleus 0
584.4611097133748 20.861033747472803 609.0379878476961 18.565748475704314 612.17706095842 52.17749909762461 587.6001829066081 54.47278330255748 nucleus 0
610.6352952642919 57.30847199179759 608.7454985759541 39.32087661881895 633.4146283675364 36.72911308679434 635.3044319902256 54.71670059648835 nucleus 0
634.5760519615578 15.822936392239772 636.1958831671654 31.240873395087707 608.4728017838643 34.153494386523576 606.852975034999 18.735561624190446 nucleus 0
61.362829029458226 67.89265485091312 38.891875771514606 73.66141621677463 25.52924454168533 21.61022370965489 48.00016075496387 15.841467235069874 nucleus 0
56.605166908484534 35.80808258314642 74.03409490572813 18.90913628828813 94.97501207981259 40.50678256114082 77.5460910761467 57.40572171873452 nucleus 0
79.85967461732798 15.860376205368798 95.01021190888423 -2.5351836096472 121.023796478039 18.889538401792063 105.87326357519487 37.28509413065096 nucleus 0
113.28621619708429 36.574657030694 120.67274142515089 12.139325092086676 158.1081477922271 23.45561978907886 150.72163537370216 47.890940591149345 nucleus 0
148.72383199319302 -1.6151470370436762e-7 148.7238323125348 9.951343061380536 115.61115574011637 9.951342843140726 115.61115600001358 -1.476870687870825e-11 nucleus 0
173.40610796323745 43.69302286238014 150.87729440776457 45.797044390566334 147.99175371714227 14.90007565270364 170.52055170192034 12.796054872566845 nucleus 0
353.25931265266263 0.7006677777749275 375.7881192482455 -1.4033474692999992 379.18493388584466 34.96814150990459 356.65612728436827 37.072156241913106 nucleus 0