508.42311290456564 348.96061050176104 531.3092779606814 349.3612666368697 530.4730528032087 397.1230948859303 507.5868878286565 396.7224414029525 nucleus 0
343.42317476999597 501.2609266237817 376.7121351098467 501.8436454873897 376.0622056225111 538.9648158431305 342.77324539063557 538.3821011591224 nucleus 0
360.14688345640025 609.4788810703812 373.47064399538795 582.7858740095875 405.62197880790336 598.8298826951332 392.29847085269284 625.5226740234676 nucleus 0
342.1900146178814 571.6934059674961 367.15673579376016 572.1304171019558 366.46765154953755 611.4881545994185 341.50093046024267 611.0511472485769 nucleus 0
324.32397249533096 560.794989636465 304.52020131437166 545.0971231685688 325.3639226737141 518.8074876068329 345.16752071089286 534.5052476402896 nucleus 0
285.1011177843611 525.5614509795505 283.83673252646986 494.43912323109555 317.76303220969567 493.0610800871066 319.0276089542749 524.1832075625816 nucleus 0
299.4785858380783 406.5485427459522 315.5686098248407 419.3037333275754 291.28198601145414 449.93584392196 275.1920331941801 437.1807327976 nucleus 0
286.3423694913945 402.3399897109246 298.30614878788765 428.72357919084385 263.79165209618805 444.37209016915665 251.82805841475783 417.98865849559314 nucleus 0
254.08702153777995 410.0634024322942 245.5202852916409 388.36627658011827 289.5296295031585 370.9918363304627 298.0964246057556 392.68881437187997 nucleus 0
304.5005288170796 346.9742818896236 329.4672481276939 347.4113662403326 328.8151969804312 384.65358934280073 303.848477736683 384.216507210666 nucleus 0
355.0848213302379 321.1600758710947 372.4121859466686 334.8968079439795 349.6279456024786 363.634042505392 332.3006383295433 349.89737461185643 nucleus 0
464.676261830391 351.3424409244191 487.5624223289924 351.74309489251726 486.472177732212 414.0135455191676 463.58601735017146 413.612895098359 nucleus 0
373.8159802987502 318.30666627037937 367.84919176468975 295.3491908454521 417.9224685677764 282.33563595288143 423.88934218586655 305.29297866101575 nucleus 0
232.41543702795752 366.6382192845421 233.8906859632698 402.94754765329606 202.95216894890473 404.20428505282524 201.47708718948707 367.89511745261257 nucleus 0
231.46001576875278 501.0345318806963 217.10087973930058 474.2110771530576 260.77262802973564 450.83664176743576 275.1317854973604 477.6598607513149 nucleus 0
226.3190866932564 520.1558146465555 227.7945696999086 556.4652703517662 180.76826724070997 558.3754252079344 179.29313984735927 522.0663116305583 nucleus 0
106.75839445364545 562.8628899189395 133.08160860433418 547.1270200136105 154.678820625777 583.2466082266443 128.35571254123352 598.982336936758 nucleus 0
92.79759087417915 564.5468915801134 91.74392599648854 538.6116179435666 119.72401015147625 537.4751207987783 120.7778173652332 563.4102459084626 nucleus 0
146.62780225356983 427.274710675921 147.68162539323384 453.20994210007393 109.43887437460944 454.7634247625199 108.38522038422525 428.8283562551445 nucleus 0
82.35486718433094 447.77631520510874 58.56444368226221 472.1732629793309 33.771570342069026 448.00024673203234 57.56186055463331 423.60344062410354 nucleus 0
33.69827715039719 361.05661036356526 52.42331753615872 361.38441750626055 51.875018641439965 392.70118191010545 33.1499782956962 392.37337620361313 nucleus 0
220.67773431197566 165.33385842412196 184.57776790812204 159.91111995708758 190.8209842279757 118.35031882844761 226.920791327575 123.77304503337115 nucleus 0
442.31688377956743 412.18798994914437 477.04626529841335 415.566862976945 471.49811336174025 472.5848992592509 436.76873645046726 469.20605797676114 nucleus 0
233.6842817858269 23.677698787743836 232.99946973493206 6.819840692679336 260.5269099999714 5.701600999970187 261.21172461171227 22.559456144395217 nucleus 0
26.733242999980575 640.0000000000013 26.733689458778827 617.3520408401586 81.13381802089862 617.3528600730994 81.13365979508671 640.0005322516153 nucleus 0
52.243613715763786 578.8671454259379 69.94209173833951 605.7755506872008 20.36945230436686 638.3715584130026 2.6713839092553826 611.4635149256465 nucleus 0
0 531.333714 24.320777 531.333714 24.320777 557.925405 0 557.925405 nucleus 0
457.21881540659524 301.8034869380784 488.42721591434383 302.3498468775309 487.6926197623834 344.3072494734628 456.4842193363438 343.7608922907988 nucleus 0
491.9000718191819 244.3920908265252 490.9518720614142 221.05038543391402 528.8926789394463 219.5091725318867 529.8409519498091 242.8508011576359 nucleus 0
422.6203944079316 330.33588436343405 421.46148820495 301.8071621744877 452.2490138788271 300.55658601664453 453.40801897436904 329.0852048192112 nucleus 0
429.99026287063316 497.9816346951791 445.76363282700186 506.4957883314218 421.5545409958577 551.3365194273322 405.7812298001227 542.8224504653206 nucleus 0
410.2599132910109 526.13063523349 389.21861083865224 509.4513301383295 418.16842390646343 472.9375980702308 439.2094894892216 489.616757639354 nucleus 0
379.13528434044565 555.5128703301991 377.6601132155338 519.2035292117579 406.96844075653644 518.0130828941384 408.44381547314697 554.32221049678 nucleus 0