240.8313967414142 154.86521637980297 240.2942240077391 131.72877987987755 280.13242032749986 130.80383304974578 280.66964081532205 153.94022006492267 nucleus 0
521.139138870567 75.52182635013529 552.661982706195 76.25731507014291 551.6565924687166 119.34779101447639 520.1337487081764 118.6123034368992 nucleus 0
541.6282369688997 98.5618262340278 575.7779844346805 99.35860449865173 574.6423365333612 148.0317327170025 540.4925891172752 147.234956227046 nucleus 0
566.497962051144 46.49947767024369 608.5284204226627 47.48013245197407 607.4653385574493 93.0432438045659 565.4348801698507 92.06259017413508 nucleus 0
516.8276189174503 147.66214366040347 545.7235594127269 148.33633075478633 544.8364097259764 186.3591897783847 515.9404692712269 185.68500427635854 nucleus 0
495.83297324890736 146.28972997675848 519.4751063237345 146.84134000448697 518.4462784606876 190.9362513757084 494.8041454633494 190.38464288597197 nucleus 0
469.5416006409505 206.4398942468816 483.11161207377154 189.31220799257378 508.9178784885735 209.7574997014292 495.347914340382 226.88514228951502 nucleus 0
556.5399125833937 247.9979304618976 593.3165633380122 248.8559640815783 592.7298859012808 274.0006217192846 555.9532352218957 273.14259019612996 nucleus 0
524.3527161802194 275.7361959283741 555.8755604267208 276.47164397820626 555.1849188506458 306.07216327310647 523.6620747146662 305.33671758512577 nucleus 0
588.7601664620161 263.22456368530675 600.3376652748557 282.04531073545974 564.4681519816368 304.108844066614 552.8907487064862 285.288180510752 nucleus 0
570.8310474597238 321.8719066234319 570.2938890780206 298.7354284178575 610.2300308497797 297.80824985205584 610.7672930822446 320.9446221446037 nucleus 0
155.20596605740138 218.83767189759266 175.40842638278264 243.8153288649563 141.64209569818922 271.12492559770874 121.43974133716256 246.14736698625933 nucleus 0
79.85987320127606 401.43425429089126 116.63652853952954 402.2922178348488 115.78708810280659 438.69885243852093 79.0104329593305 437.84089377295606 nucleus 0
58.36253499146551 421.607037506084 79.37776470498648 422.0972996885683 78.53973650577245 458.01456577664317 57.524506895279046 457.5243064698849 nucleus 0
31.726763718033908 436.7120392891169 60.62270681395603 437.38613727348394 59.92350561769854 467.35367329118424 31.02756262247567 466.679578703409 nucleus 0
1.6751949025638169 485.5674563668117 33.19804186292458 486.30281152436896 32.1955087967217 529.270855487611 0.6726620436529629 528.5355062894984 nucleus 0
39.02079427767603 462.04055620092765 62.66293083848723 462.59207951860765 61.625546394789126 507.05401719513134 37.983409994703834 506.5024982972946 nucleus 0
73.40416507460759 452.8244483223062 97.0463001869939 453.3759774944932 96.15914999667439 491.39882633102735 72.51701502216747 490.8473008445369 nucleus 0
89.46213262053789 476.1507459146309 88.63197270969977 440.3943425303041 125.54645611140586 439.53742059745645 126.37683513057709 475.29359958107227 nucleus 0
118.34181033053028 456.5401733912039 117.75584395421902 431.3003828673785 160.12577486901137 430.31681605132076 160.71191348666616 455.55642970446036 nucleus 0
160.43467916584632 440.1592333026732 184.07681432603567 440.7107674254058 183.18966408609413 478.7336172698458 159.54752905774512 478.18208673014306 nucleus 0
37.77842361530929 534.1707094746473 37.143630191203556 506.8275672554471 79.70949548776844 505.83945548667305 80.34450853177987 533.182374306573 nucleus 0
0.07231124596728478 112.05309583157407 -0.5136990835308097 86.81336104974372 29.246563582200906 86.1223942518974 29.83260085406073 111.36210178044993 nucleus 0
56.836272804575856 565.7125251171341 38.04475475444633 589.4260244536716 8.475889553665183 565.9999094395818 27.26731358183315 542.2865983126685 nucleus 0
0 567.862839 9.934659 567.862839 9.934659 608.703375 0 608.703375 nucleus 0
16.470296999978018 640.0000000000103 16.470391694747377 631.0681900369962 45.473971727333264 631.0684199433981 45.4739382583648 640.0001687716708 nucleus 0
167.3729280113912 508.0128475234355 166.64040170202497 476.46310524354624 195.8615727378492 475.78477140842864 196.59426375488692 507.3343449112229 nucleus 0
194.33938311820384 527.1975631772025 185.41089209582424 505.92459014213466 222.571404807386 490.33092146492044 231.49995090789162 511.6037316095544 nucleus 0
201.28351088984346 525.7477277254104 217.98693128330342 504.6688904594406 246.96469737275038 527.6270114279646 230.26144218434638 548.7056964062813 nucleus 0
220.97692335308238 572.0059969418932 220.24441202593152 540.4561875428356 257.06088165941765 539.6015559881129 257.79362739558564 571.1511258192246 nucleus 0
233.3598358175368 581.4459263987669 264.88268338573107 582.181224538205 264.047515020211 617.9761479088558 232.5246676475217 617.240855642219 nucleus 0
232.1691280000232 640.0000000000286 232.1692968654679 627.9225491576292 268.80694981337 627.9229115137523 268.8068852143624 640.0002586598139 nucleus 0
284.5603210000263 640.0000000000056 284.5604558940977 622.7956563321457 308.2532975607319 622.7958330176306 308.2532583374268 640.0000808670251 nucleus 0
521.7332539075142 569.2316385796001 522.5637923527393 604.9880006679895 499.1898109532485 605.5306342150728 498.35945923441614 569.7744548118079 nucleus 0
0 284.257574 24.652686 284.257574 24.652686 321.641652 0 321.641652 nucleus 0
16.00090316416754 336.85870251291897 15.268397159306915 305.3089739338567 50.23891499324236 304.49709035432045 50.97154929782846 336.046688064797 nucleus 0
0.04883319736109115 387.73570963193515 -0.5371641476813238 362.4959310247123 30.50416111967934 361.7752887097648 31.090265166349127 387.01495851127686 nucleus 0
69.65546899744368 377.7017315890531 70.24163136695279 402.9415141282527 32.641201311998884 403.814474501038 32.05517987546045 378.57483018014085 nucleus 0
491.36806482463726 112.35545529696806 520.2640036709636 113.0296506981328 519.5128145586204 145.2251563546829 490.616875749256 144.55096199496654 nucleus 0