114.46381599998858 633.9692669999694 114.1820010572701 627.0536805155066 138.69418577429315 626.0550479596039 138.976038755427 632.9705945949282 nucleus 0
321.51747741139843 434.03418249560195 318.44439116714057 406.1684621142087 355.1300586236903 402.12321599259013 358.20328396635887 429.98877517717403 nucleus 0
195.01416727434844 418.64461244464366 224.9296954250167 418.11909733688003 225.99050471653754 478.49812899295785 196.0749767258676 479.0236388171511 nucleus 0
258.85721275175456 375.856333380963 261.9303992222558 403.72204237046225 222.52946821543446 408.06670929359535 219.45645777763275 380.20116186879767 nucleus 0
297.1218509555183 335.68841991646644 315.7626324349985 355.93322886558974 282.45470204048615 386.59901311019223 263.8140476596891 366.35432725022645 nucleus 0
115.31931680809066 567.419801798371 117.21080022012757 584.5679165380382 78.60318833205383 588.825162026365 76.71186148858396 571.6771909373971 nucleus 0
47.450057576206746 535.8780091085408 99.12233286624542 534.9703743119599 99.76023760835233 571.2785857901026 48.08796255281777 572.1862137904816 nucleus 0
16.598300999976345 637.9569809999747 15.952871338668047 622.1168421550361 51.550052691673045 620.6667125685542 52.19560864883533 636.5067196511925 nucleus 0
0 638.633310000017 -0.3042317942890804 631.1678985536907 19.116867140619433 630.3766472439584 19.42113167482603 637.8420245418221 nucleus 0
149.41423114381905 436.0616103459742 134.778260465755 407.5135919708027 186.7048573500506 380.8951742167432 201.34086386402487 409.44293944791406 nucleus 0
74.97150731025613 399.08592024971875 99.44784722050827 398.6559504830792 100.10785000500618 436.22230011881334 75.63151016358461 436.65226736830795 nucleus 0
223.20327599998564 629.5384730000113 222.41503978861147 610.1925460774995 263.33860725339036 608.5254877285697 264.12701779838244 627.8712330299642 nucleus 0
39.381430575303966 386.3107176914935 74.73614529422775 385.6896401851222 75.52354834180733 430.50700844763355 40.16883375166799 431.12808173017436 nucleus 0
66.10315426914894 358.8419020180351 87.85990251933981 358.45969253900313 88.26244581534411 381.3716227521945 66.50569759920472 381.7538310271809 nucleus 0
98.84380880219396 345.50262016586476 88.85527858452406 323.5412297693663 141.59078943295754 299.55776736514275 151.5793603284692 321.51900375641077 nucleus 0
0.6295336088078329 343.58292442819936 -2.4432724693178898 315.7171945831235 45.11737474531401 310.4729257209197 48.19032245068229 338.33849476685555 nucleus 0
459.0832764073275 601.1091510950691 459.91079613930197 608.6114504083414 435.0774629999796 611.3497979999801 434.24998943839455 603.8475410604237 nucleus 0
485.8844233482523 589.4754552971287 487.65770874291775 605.5518080080592 459.5140150000225 608.6551890000292 457.7408402088622 592.5789373838982 nucleus 0
546.1735243823932 517.8673118395053 559.3325982138049 532.157001216324 532.0011990874627 557.3203735226592 518.8422348481981 543.0307903484031 nucleus 0
583.519248579978 515.791691076887 581.6280218572501 498.64357322105315 611.8381145247986 495.3123691025113 613.7294266489334 512.4603888401638 nucleus 0
612.4184581672307 500.21040935019266 595.4925597427791 499.32351656069284 596.6691012266529 476.8751478188715 613.5948620000272 477.7620370000003 nucleus 0
434.8279673651996 331.26648076201315 449.46361522837833 359.81467015958634 411.71738022392674 379.16381685605586 397.08191898804216 350.615787051997 nucleus 0
297.8493231117318 606.718925318892 287.14793361126794 632.3441258017838 247.4429680355388 615.7671706215426 258.1444444850058 590.1422192351823 nucleus 0
470.0401256162877 307.00822681782364 473.1131755685783 334.87393988340074 431.1954705658718 339.4961098882556 428.1225748032739 311.6305379183996 nucleus 0
490.5269894331286 287.3925840233031 487.2177571903012 257.3833915163725 514.9644493106462 254.32381854706077 518.2737551028549 284.3329268877234 nucleus 0
547.7149204027955 237.69493964032333 550.5514804310951 263.41712078346563 514.2625250075798 267.41865266603816 511.4260613336228 241.69655984376445 nucleus 0
360.3705326959607 201.94439087244234 357.77050273274654 178.36573764752202 388.4306740236934 174.9849026218472 391.0307485071098 198.56350505676983 nucleus 0
276.36857030498504 198.18980105143362 274.00490310785244 176.7546497220495 312.01729376749427 172.56308722845975 314.3810102277348 193.99818170413738 nucleus 0
301.8046071300341 148.4372947630818 323.5613533519063 148.05505367206044 324.17447797124623 182.9527638355556 302.4177317683643 183.33500410532065 nucleus 0
531.615724161893 160.06092513505493 508.2191554422752 142.53022367895474 532.749377861328 109.79258038844803 556.1458815342485 127.32324566587761 nucleus 0
538.3108172942593 65.16590503723924 534.5290069669136 30.869697872874553 576.2481877512619 26.269369244123787 580.0300195832097 60.56555063697257 nucleus 0
228.30689728165453 610.3347363182963 201.11074092659692 610.8124203788985 200.49345090323186 575.6630647703446 227.6891842805344 575.1853844333781 nucleus 0
265.24081182913505 561.7359487301653 268.5508531942469 591.7451475635231 231.4680591506476 595.8341150091176 228.15828079750645 565.825156923926 nucleus 0
264.43374108894204 527.1116911887519 267.98010799320764 559.264486340849 227.58711701564607 563.7184590440604 224.04104004112014 531.5659303647396 nucleus 0
248.5856667986809 520.181069411445 245.98526291818416 496.6023601043271 290.41971764519985 491.70270502183337 293.020294315138 515.2812157172862 nucleus 0
273.64162595804373 484.8744751331561 270.5685572268703 457.00874778154014 311.69278870729613 452.4741920554545 314.7660323634773 480.3397189393275 nucleus 0
300.25262020906666 462.41393103187465 297.8887059554836 440.97877554470955 333.38426120484655 437.064784079632 335.7482869690284 458.4998119328271 nucleus 0