590.1461767695582 6.855573222314309 610.7212647709093 20.605341794194093 590.6257755964907 50.676114044791674 570.0506921466877 36.9263508140267 nucleus 0
447.51304389901634 136.0557627670887 475.43962665862637 136.86833450398257 474.6737958385347 163.188098054325 446.7472131145769 162.37552750859624 nucleus 0
416.7531357178086 145.29229717121964 444.67971726982796 146.10486671860303 443.8549767085351 174.44922452954728 415.9283951951511 173.63665635788362 nucleus 0
436.53318609336566 164.10463826574187 472.0761070612207 165.13880800586688 471.19246038157144 195.50776512524664 435.6495394968806 194.47359749026847 nucleus 0
476.91799792068196 173.38495604638777 477.6249625899072 149.089775534836 508.0903059625416 149.9762682219826 507.38338715877035 174.27140367631526 nucleus 0
548.1664892072149 160.03256818162362 526.6848061327619 185.41815895261425 508.36168525558605 169.9131235970766 529.8433446043055 144.52757009641343 nucleus 0
533.006829362057 166.91172731939253 568.5497577015485 167.94591968412843 567.9017363641469 190.21648431374442 532.3588080991613 189.18229347513855 nucleus 0
568.1962884082895 180.0935066301252 598.6616504642734 180.9799376745496 597.7190897871333 213.37349460921206 567.2537278338132 212.4870656709854 nucleus 0
637.6376040715695 210.47453747985824 615.83371745146 210.22083293610333 616.1897929902625 179.62409303944096 637.9935840186954 179.87779703156005 nucleus 0
599.7865937670576 229.64415134569265 632.7907377200609 230.6044387630901 632.0838158180413 254.89962209580128 599.0796719560603 253.93933677919276 nucleus 0
637.4133225414698 269.23884997198746 636.6475177782559 295.55864162211185 613.1341303597583 294.87446042830436 613.8999980899825 268.5547328792186 nucleus 0
496.2743883134681 32.106410624512264 521.6621901503822 32.8451180659136 520.9552742746746 57.14027993401719 495.56747245827864 56.40157279102425 nucleus 0
468.9482270814915 185.31093124714522 501.952368078928 186.27122302481698 501.0687243358552 216.64017783534646 468.06458342012775 215.67988823774556 nucleus 0
493.5112922587723 214.3939994868374 541.7481147557555 215.7975017449915 540.9822837609681 242.11727496970087 492.7454614178714 240.7137758491348 nucleus 0
452.34673675535305 207.56548135231154 433.9337280082691 229.3244604704064 409.95948241688893 209.0374474901688 428.37245750612055 187.2785216620494 nucleus 0
374.8366381775122 188.6514988243623 412.91834001058305 189.75952725783426 411.7401461737609 230.2514714779737 373.65844447296695 229.1434465443918 nucleus 0
459.2699864554743 255.9501971472878 459.8591663795378 235.70418529492574 500.47962964410544 236.88618869248546 499.8905272171396 257.1321253482891 nucleus 0
433.7940883176634 259.8090144198769 453.27611007509404 239.32602999787628 490.28542385145556 274.52499710144247 470.80350773430837 295.00787786501155 nucleus 0
333.5092414266546 211.7647266622148 361.4358233715029 212.57727521785554 360.4343590854114 246.9954234187042 332.50777726905653 246.182877251691 nucleus 0
350.22032865221263 248.72457312191335 411.1510511489905 250.49739506138354 410.444130966207 274.79256646021975 349.51340861334756 273.01974871510356 nucleus 0
427.8032196818822 289.481898256487 458.2685823698557 290.36828857205415 457.4438465435378 318.71267165514644 426.97848396084737 317.82628418027673 nucleus 0
416.88227504993847 315.50618750984756 449.8864183457772 316.46643724968766 449.00276843873144 346.8353919538721 415.9986253194802 345.87514580603283 nucleus 0
445.02751299834927 46.82576399464114 465.33775297510147 47.41673294117675 464.80756289340206 65.6381040535891 444.49732292239787 65.04713533195033 nucleus 0
428.6925294617686 346.24447877862366 456.619114581772 347.0569882942411 455.9121917599259 371.352186598817 427.9856067579385 370.53967971814865 nucleus 0
460.93085058251745 373.5244770844445 460.22392387625587 397.81971761444197 427.21969805097615 396.8593699359863 427.9267362933024 372.56424511311366 nucleus 0
480.88764021340467 386.2630478491192 480.0628805997985 414.6074621681464 452.1362518499518 413.7948516248458 452.96112578849716 385.450555760992 nucleus 0
470.2023131419264 404.1890192047729 508.2840186943213 405.29694151245076 507.63601207239844 427.56751265609176 469.55430668982444 426.4595941654459 nucleus 0
571.3422667701525 357.7818939307892 568.9220854292216 339.1366137516162 618.7115162693226 332.6743568208458 621.1317991936812 351.31951655338537 nucleus 0
578.3038188331557 356.6766773401979 608.769181291791 357.5630467837692 608.356810680707 371.7352298129264 577.8914482866094 370.84886207272655 nucleus 0
537.5248260256922 423.93614111511164 524.2110619683808 406.208970516899 554.3734547257918 383.5586706828784 567.6871780394868 401.2857406522533 nucleus 0
608.7691820217879 357.5630691998061 608.3568081691919 371.7352743678365 580.4302004796045 370.9226855620334 580.8426263162983 356.75053402379257 nucleus 0
608.2389970699296 375.78442311033655 607.708801525805 394.0058348418293 584.8597356177925 393.3409902912522 585.3899889003515 375.1196379934927 nucleus 0
626.4817288512859 360.1048014214372 635.3674609024165 360.3633248824702 634.7783610000624 380.60930000000076 625.8926289807277 380.35077725767877 nucleus 0
417.39548194142117 35.89020085029938 445.32206387892074 36.70278355577967 444.49732388449775 65.04713618097755 416.57074195114546 64.23455391131317 nucleus 0
600.0335526204435 395.8088712370127 630.4989157157979 396.69521845424936 629.9687262898078 414.9165872969527 599.5033632963896 414.0302425152531 nucleus 0
540.875786708566 420.42957361081267 568.8023709687695 421.2420474317064 568.2132701919181 441.48802251681263 540.2866860340873 440.67555133289426 nucleus 0
563.1946177033387 439.31581905096584 603.815103431989 440.49758125240317 603.1670942498749 462.76814256716983 562.5466087079985 461.5863847836127 nucleus 0
624.2431567294261 437.0394858790942 633.1288882898662 437.29799603888324 632.5397910457104 457.54397300133076 623.6540595223778 457.28546371156324 nucleus 0
511.7120060331945 462.1335253273728 512.3012521945202 441.8874692198408 547.844131301099 442.92173548518076 547.255009766377 463.1676698269254 nucleus 0
451.6650269603997 429.9917262455949 494.82429338779184 431.24735563707964 494.058463856054 457.567119617437 450.89919765763625 456.3114956791648 nucleus 0
506.16326066025067 478.18242970007645 505.63309295961517 496.4038831438909 462.4737432364054 495.14810025124285 463.0040489391831 476.92678883259987 nucleus 0
582.5091039137624 561.4563434334405 581.8610227240424 583.7269813618739 556.4731687625317 582.988239637238 557.121366638894 560.7177219918706 nucleus 0
418.91308710088197 358.68188239125254 428.65255591830646 372.9715067805179 389.41028605950123 399.71511409172535 379.67092478043924 385.4255852935472 nucleus 0
424.0329976983048 419.05608825269525 444.3432420519821 419.6469776068333 443.75414149297285 439.89298228809054 423.44389721838525 439.30209484872165 nucleus 0
394.9588280408352 21.05318552633151 395.40065285764285 5.8687083625985705 420.78845247015124 6.607420236534515 420.3466297582054 21.79189519427533 nucleus 0
400.7716060680832 432.5634503708019 423.62063042470254 433.2281891311073 422.6780763233546 465.62176864605794 399.82905211152683 464.95703348175283 nucleus 0
360.4455993229931 421.25850935969606 361.0348431047896 401.0124460739734 401.65526551776566 402.19448366668047 401.06615127609984 422.44042014358035 nucleus 0
312.91577738229535 395.5598235219256 348.45870131983247 396.5938961616997 347.75178021263855 420.88907137911553 312.20885646282113 419.85500255141267 nucleus 0
311.32513184507843 450.2239188692931 311.9733031526266 427.95328405841923 352.5937064868049 429.13530096958834 351.94568731276377 451.40578726195076 nucleus 0
320.2135572453699 465.00577177565947 337.60504514648346 444.45673170875534 364.0585639623896 466.8419196775211 346.667207477949 487.3908362828025 nucleus 0
409.9252739414078 467.27697010143606 409.3361644358083 487.5230290014597 368.7155865537352 486.3410566477787 369.3048374916543 466.09514365597965 nucleus 0
426.34187501891574 514.3598131441355 400.9539170825883 513.621237163077 401.7787855910865 485.27684504292773 427.1664748862531 486.0154171023556 nucleus 0
315.8023015134677 296.3545557204892 316.50933541292034 272.05933118575365 362.20730814675335 273.38910501377484 361.5003954346321 297.6842109880854 nucleus 0
308.6591963619867 294.45657725472375 323.86723654184607 304.61895349503897 305.27103484979307 332.4461962782805 290.06302658650384 322.2838596323139 nucleus 0
297.8541672170104 301.9112140967183 297.2061573004612 324.18180967654115 271.8183368991595 323.4430916818192 272.4664107569697 301.1725625348991 nucleus 0
406.7690884309559 51.79149222169558 376.3037167686707 50.90503793973572 376.89282629668014 30.659071079016933 407.35817840337404 31.545525070032134 nucleus 0
286.6975836119673 336.03385541039756 285.9317523266509 362.3536758068491 252.92756404582178 361.3933187545082 253.6935045280552 335.0736114641316 nucleus 0
266.923108941337 404.3530908490769 267.51235150397406 384.1070617676263 303.0552329043712 385.1413601082252 302.4660990996199 405.3872829746414 nucleus 0
255.8198607948725 349.3195651605274 254.8183815847733 383.73778164187456 234.5080914904247 383.1467940618485 235.50966312694072 348.72867313731365 nucleus 0
197.31009039111086 351.669812200006 222.6978929570032 352.40844858205384 221.75533670721052 384.8020155645254 196.36753428698285 384.063382461394 nucleus 0
162.3392853502446 68.99504707606854 162.98729577305494 46.724476535925035 198.53021082017221 47.75866761408723 197.88221805472858 70.02922087335743 nucleus 0
161.59386559251288 104.21109801206066 146.37929147858813 83.95067226294387 172.35619040679012 64.44342237317568 187.57075630681356 84.70382754849105 nucleus 0
73.59980880864896 62.360362659337014 104.06516882780124 63.24681435306199 103.47606900097162 83.49278130138484 73.01070901172352 82.60633009699038 nucleus 0
62.9145009766944 80.28624958981993 83.22474213251553 80.87721663083941 82.63564185108407 101.12318385283815 62.325400717381854 100.53221721554776 nucleus 0
80.50922871392686 86.87713819518427 98.28069037750538 87.39422977385262 97.63268514812808 109.6647944270333 79.86122350092046 109.14770327018117 nucleus 0
51.7579140989983 114.40891396198863 74.60693376138806 115.07374402422727 74.01783727291331 135.3197097258558 51.16881764450227 134.65488029000556 nucleus 0
512.1018259390257 99.4352051609736 565.4162082782568 100.98647911076155 564.7682020505454 123.25704679586812 511.4538197639922 121.70577427736588 nucleus 0
74.66584473375406 113.04915243973831 97.51486592824222 113.71398652973262 96.92576595080027 133.95995530048222 74.07674479210982 133.29512183104572 nucleus 0
47.864210935804294 160.9007643248844 75.79079263981839 161.7133319433847 75.26060190546559 179.93471050346136 47.33402024474344 179.1221438253676 nucleus 0
81.04508007949335 155.78730163636837 101.35532054351643 156.37825930889096 100.70731129308115 178.64881883163764 80.39707087351417 178.05786197872345 nucleus 0
111.09807138331234 170.84593234346048 146.64099304383853 171.88010517719647 145.99298304361582 194.15067153536907 110.45006144275249 193.1165002652111 nucleus 0
190.39500746876 240.02150377151278 223.39914952986874 240.98178112711767 222.81005255732452 261.2277543927771 189.80591057938 260.26747884882775 nucleus 0
179.945326520683 249.84892979931132 179.12062790237542 278.1933535083741 135.96129405319516 276.93751725108376 136.78610894305166 248.59321312868735 nucleus 0
71.82773472486588 268.65824793952595 54.71088476399018 245.86557603726519 86.89300613303203 221.69854004855605 104.00982202358136 244.4911281868573 nucleus 0
53.95449270217796 300.89341495294343 54.48477110847307 282.67200673398685 92.56645434972597 283.78015503607224 92.03625350441143 302.00148751807825 nucleus 0
144.17809794424102 431.1762734309963 169.56590384237643 431.9148718933384 168.74117069281056 460.2592477826477 143.35336494841613 459.52065279553045 nucleus 0
192.49161775995162 525.1444959029553 213.832632288686 512.6163139980833 234.93810882566322 548.5607301266541 213.5971712130413 561.0888078892257 nucleus 0
616.0739712089708 106.51308176497942 615.4259844835178 128.78366360577832 584.9606147000304 127.89721396418753 585.608630183051 105.6266616147818 nucleus 0
135.67089480508002 539.1090043695422 120.32503549664398 557.2401940104364 89.74148511821113 531.3603436635931 105.08725200656045 513.229300069466 nucleus 0
6.559462831428391 532.5401989268746 44.64116507442668 533.6480417208808 43.75750069564674 564.0169873000327 5.675798719530576 562.9091513677668 nucleus 0
49.42416363366647 543.9189525539555 74.81196979606466 544.6574907150423 73.8105031682062 579.075701152191 48.42269721739285 578.3371683026836 nucleus 0
281.4485129999957 640.0000000000157 281.4486918088369 621.9820920342047 308.7683121716691 621.9822995919628 308.76824879291235 640.0000927825214 nucleus 0
341.3763040000049 639.9999999999986 341.3764617982815 621.730400060594 367.2191587560519 621.7305819467492 367.219111653103 640.000071559091 nucleus 0
478.5675007147074 116.69624766393149 516.6492020066653 117.80430347398145 515.8244617620221 146.14866050305295 477.74276050586195 145.04060622827134 nucleus 0