211.74536117963726 150.11484349490942 235.5466414285911 134.6498016355049 258.90991391206626 170.60613852176294 235.10866506010643 186.07114099480614 nucleus 0
148.1783082675247 423.38913403037225 169.7837688436266 418.72945211184805 177.35282771434868 453.8198730494231 155.7473757470143 458.47952768110315 nucleus 0
148.1783082675247 423.38913403037225 169.7837688436266 418.72945211184805 177.35282771434868 453.8198730494231 155.7473757470143 458.47952768110315 nucleus 0
281.52543402473384 296.2899660800969 274.7363529285212 250.56704737118477 311.4143898830662 245.1212856356351 318.2036110133049 290.84403344711495 nucleus 0
219.55160745004832 388.56868205866306 215.02537439424486 358.0867047459534 259.1739277754823 351.53174624034733 263.7003140096931 382.01353703354187 nucleus 0
292.14635462718434 313.65510009907194 311.87797934740956 329.95656786470846 280.5700914315821 367.84893423386416 260.83856014614867 351.54756812164 nucleus 0
301.687317948672 397.37039391930375 274.07599408463284 383.13943956642345 304.4681000570563 324.17817979524943 332.0790159761964 338.4090065992438 nucleus 0
216.95008937298553 457.22525878620684 196.01845461816993 434.0482204148078 237.96904907205317 396.16707895025286 258.9005252743664 419.3439102395036 nucleus 0
213.92309691917035 435.6097329837751 240.0814262653148 449.0909398538024 211.84367602523707 503.8732173914736 185.68544437184755 490.39215575617453 nucleus 0
180.6601854562905 500.51412574808666 206.07830765788094 528.6568532489615 145.678932892406 583.1963295045215 120.26129118887184 555.0540636410045 nucleus 0
103.11012643891445 500.7234229058426 137.98822076045326 518.6977039061189 112.648690374117 567.8571896375764 77.77072984426923 549.8831061659988 nucleus 0
116.925933790626 159.7672540051324 111.2685769849486 121.66482805513328 154.42447524066665 115.25722143766883 160.08190157284844 153.359563058649 nucleus 0
41.33093394411844 498.23899117127644 67.66291768806695 493.57891919963333 75.77989942386921 539.4354190103634 49.447926421999 544.0954491434381 nucleus 0
471.83903150522383 28.693807335932974 492.0215316271788 51.04438754207904 455.4167805902398 84.09825621148383 435.23430498047674 61.747699236345724 nucleus 0
536.6602644548402 24.995336782274926 535.3785626951139 52.51434357990177 493.27470213182096 50.55333156913291 494.55641964203096 23.034341268621 nucleus 0
461.84817246190505 89.35576786399389 435.83388760249363 69.41371545011093 467.89446292204957 27.591037099583858 493.90871062460064 47.53306823842471 nucleus 0
509.69671153063246 58.05192248008139 538.7605107325362 73.03283041019773 519.3837223830633 110.62467752778018 490.3199362288433 95.64378931328682 nucleus 0
584.0295589104062 27.201591012389166 582.4867588526104 60.32663498454379 543.6704508912226 58.51874287058117 545.213270381355 25.393717688258164 nucleus 0
566.8936546076293 67.98639390538085 591.4451524855394 62.69059981260246 601.1019165212929 107.4594948015593 576.5504210679501 112.75528094834387 nucleus 0
607.014921400696 128.53913896177318 611.91802041154 161.56123561236885 586.7733460662566 165.29459966387373 581.8702985886193 132.27254967109366 nucleus 0
436.42532105390274 222.97318549344027 457.3558762011089 246.15115521169162 425.1443034172553 275.2379449838356 404.21384516150283 252.06006838830763 nucleus 0
436.86410785980115 198.92739942221647 474.1824354739947 190.8780176621267 483.2689833577024 233.00346069244964 445.9506644258363 241.05281453486893 nucleus 0
87.45680792926578 124.30555883769664 110.70790570156532 136.29018718307844 90.4205391537107 175.6485765682118 67.16946180953528 163.66397786905225 nucleus 0
459.2119618182187 316.5682360661077 430.1477349580091 301.5880812451166 440.66351632129226 281.1870208031772 469.7276207723189 296.1671375753069 nucleus 0
477.02989914316277 313.8374606218068 458.25041975127533 297.70958971468815 492.26613905259 258.1038436701752 511.0454939785268 274.231625362935 nucleus 0
502.3353577378293 315.42811039028135 497.8092643678974 284.94611380803696 549.428370757596 277.2819297270391 553.9546074855753 307.7637508984693 nucleus 0
525.256742516649 254.5060712582167 523.1618590114522 221.320202899413 568.0702513642609 218.48541217099006 570.1652572093735 251.67114967445093 nucleus 0
558.6986116742628 283.69404855966656 554.172586497225 253.21206825243192 606.1226142566011 245.4987552831867 610.6487681201543 275.9805790233484 nucleus 0
553.0922997879679 196.9202439430707 572.3066779999499 174.98465972713996 613.4294539939583 211.00495311480398 594.2151716362423 232.94044673226438 nucleus 0
88.99652615786181 190.29947006989624 115.41116777894786 194.79428608428393 107.61550032730156 240.6054895901848 81.2008628667536 236.11069027066264 nucleus 0
46.576550472309464 257.1590548754624 25.657700089068385 238.99990657947535 64.94485383511346 193.7440139769442 85.86357931366365 211.9030708700563 nucleus 0
25.515334352094214 276.58949222256865 45.86029406644229 287.07562364429276 20.31504143946222 336.6345208389786 -0.02987319850944914 326.1484560552534 nucleus 0
8.131379018886946 350.65519290224444 32.682996321309474 345.3599224003741 44.51018262596335 400.1914020796735 19.958578196456074 405.4866312553944 nucleus 0
151.8540666984336 376.3293490027204 120.1207644410897 379.53098497303984 115.39555132520036 332.69913824507915 147.12846258677018 329.4975221543732 nucleus 0
178.6318076079624 360.89414235537345 182.4037658909947 386.29573564164167 160.49483046823298 389.5486373190502 156.72295957861934 364.14712217860364 nucleus 0