540.7220972085634 445.23042052859154 575.0062588768196 441.7870611230917 578.5406528513704 476.9721793480046 544.2564941766614 480.4155178745796 nucleus 0
549.5331276480283 544.581879188392 542.8037576705538 508.41934633501984 577.449801800758 501.97346546218085 584.1793611187313 538.1357512532282 nucleus 0
525.8471572010603 397.019388067951 546.2914388329955 409.62233871829113 529.5411335955578 436.7908460391459 509.09689954489295 424.18795757471264 nucleus 0
507.7760722286621 381.31334116750446 514.0244038560195 414.8929612770448 478.2927412183926 421.54073972853695 472.0446165694739 387.9613021464993 nucleus 0
430.23437126343197 401.09749249656386 468.80404069132055 397.22362257947003 473.4648866376665 443.6227661896657 434.89522136413143 447.49660776751557 nucleus 0
495.45792560289556 482.4862144419145 488.7288793787593 446.3236252503717 521.6844589911489 440.19230081256524 528.4136638773634 476.354682099101 nucleus 0
468.75693779758876 440.80445990222745 496.01622217662225 457.6080247903767 474.8681376109744 491.909499618704 447.6089432313165 475.10605230483657 nucleus 0
577.5711093985592 563.4173573299317 579.7343000000546 575.0410369999865 543.6149162128277 581.7610975170375 541.451828790523 570.1375086858245 nucleus 0
514.7381501568452 587.1336497862843 510.171686512258 562.594798562918 536.1019995826791 557.7705456922009 540.6685683000978 582.3092597217802 nucleus 0
562.0964798097702 213.30849095506255 576.2447130948567 227.43601772484848 550.3651870021713 253.35238343189584 536.2169987376546 239.22490163106232 nucleus 0
469.58621727921127 567.4733913617431 462.8569069479272 531.3106849201972 518.7496141778684 520.9121441908973 525.4792419289151 557.0744319611251 nucleus 0
472.1752485649631 591.0438770798145 466.88767147315957 562.6305078357582 490.4761529633106 558.2418968859325 495.7638412092638 586.6551205821703 nucleus 0
446.3850908875611 571.7899141425513 451.432560454341 598.9118624841046 412.5368747693574 606.1483028981954 407.48967173283745 579.0265893395797 nucleus 0
414.01603920756315 498.2011794186496 441.8719307970605 495.40355724171894 445.19707031977305 528.5055838686044 417.3411813413986 531.3031883089886 nucleus 0
402.0188752026297 502.543097532342 395.77040529948135 468.9635285797449 431.06781140457315 462.39653287752105 437.31644636303827 495.9758851682588 nucleus 0
352.98225736602035 479.59695723073986 345.29197463882156 438.2682118287482 388.65375187277095 430.2008555173262 396.3442695981212 471.5292922623212 nucleus 0
319.73835048913315 486.161162565904 358.3080434985459 482.28750323113644 362.5244761441718 524.2623819847297 323.9547875630524 528.1360106059572 nucleus 0
310.30459766596323 444.7778131967185 303.09509264319786 406.0321518860418 337.5239441665326 399.62674523687235 344.73361178082996 438.37219297924327 nucleus 0
212.8159867785871 68.13827033285422 247.100093909321 64.69440318132264 252.46107092949387 118.06327126195612 218.17696450933 121.50713201337408 nucleus 0
574.9205673422694 229.1978628380259 590.435018533899 241.84999929062133 568.3529825678852 268.9264136995139 552.838568609659 256.27431818906956 nucleus 0
252.7299015079916 255.05523567041652 245.04039607199957 213.72646073892082 283.71854165336117 206.53039975751898 291.40815353835933 247.8590360760253 nucleus 0
163.60770368824888 246.20862541226376 195.74907053567586 242.98014087614374 199.2472717687633 277.804990700228 167.10590662944014 281.03346425770945 nucleus 0
263.8067145936657 381.83521238373567 308.8046573712927 377.31562738943666 313.05727149607264 419.65066844211236 268.05933305367944 424.170224793449 nucleus 0
130.88953979800863 200.60205223049675 165.17365707048157 197.15827913744664 169.28935460280627 238.13027881621625 135.00523907678144 241.57404031548342 nucleus 0
100.73532709524443 128.1461966029679 123.26813852763735 103.99500044428719 150.98772704070143 129.85681094576944 128.4549613793206 154.00796294373734 nucleus 0
92.25986405122967 160.7854608807817 120.11570663184102 157.98737099792726 125.15889272166532 208.19265388548783 97.3030515544815 210.9907340756214 nucleus 0
71.76920467318268 193.8113820868543 95.33953644851863 191.44378502763823 100.13729008438531 239.20570126815232 76.5669597012311 241.57328923876503 nucleus 0
10.011475047722342 174.60767310239078 5.205632124780095 148.77718392189556 39.8515064696403 142.33131852242576 44.65739045459486 168.16175427703757 nucleus 0
0 39.89405 9.745771 39.89405 9.745771 58.882126 0 58.882126 nucleus 0
518.957863875039 373.88808311467534 514.1517211746395 348.0575868132544 551.1394281526736 341.176100091988 555.9456694314576 367.00646736678885 nucleus 0
275.51847797847586 412.4472803464888 248.4829776683182 427.22241457921933 225.97997519806086 386.0510948289248 253.01517535153835 371.27606169123055 nucleus 0
202.19789984897943 390.0623178327447 195.94985266776348 356.48271004423646 231.464168458333 349.8753263645733 237.7123432316148 383.45476817882434 nucleus 0
199.70477456394292 415.44266670891557 222.2390713456116 391.292741784566 253.28551279366366 420.25857862074474 230.75137999563594 444.40834425021126 nucleus 0
269.72944455905235 564.5701351993738 263.48073087865487 530.9905639220431 307.4940688101924 522.8020230758497 313.74301415562513 556.3812895568798 nucleus 0
261.94989041541703 523.4443880696549 234.67057158493844 552.6777321477609 195.5208124346973 516.1518765186372 222.79987622787303 486.9188358551569 nucleus 0
234.94156300002942 627.8428179999686 234.6880170093209 622.3997731895092 255.7009928359912 621.4211917032649 255.95456409835606 626.8642099726673 nucleus 0
222.81713112526631 577.0835520344799 254.9585675734852 573.855748843649 259.2654508429405 616.731194789881 227.12401915385271 619.9589670898363 nucleus 0
150.5948043961689 569.1409458318369 178.45071487761743 566.3434890647152 183.2665764817648 614.2856683569502 155.41067052341532 617.0830955139432 nucleus 0
118.42504152948095 572.0867572177096 144.13819173176307 569.504490619442 147.95421769733366 607.4932760253604 122.24107075213396 610.0755210180356 nucleus 0
548.4053641550418 440.5658016876515 540.2346555318218 396.65399833432184 585.2868275029323 388.27215205274786 593.4577728957811 432.18364540400904 nucleus 0
143.5919596853637 379.58635424719967 137.82453952888318 348.5897940266856 170.34583250140713 342.53924878922885 176.11335785790288 373.5356713973053 nucleus 0
113.10482157117804 379.8206450993013 128.52286357912817 363.2968609445667 153.34342740701686 386.4540206275801 137.9254673601099 402.97772500288056 nucleus 0
139.87276731269958 321.4841585852655 145.64024615152448 352.48070180278296 117.80237681392464 357.65989826613145 112.03502375989046 326.66346597600375 nucleus 0
101.76781924630632 333.9186158393094 96.00049852611846 302.92206392909657 135.11283938409179 295.64520525031503 140.8802702990215 326.6416127436389 nucleus 0
90.44238874266739 432.234258839089 84.67481601743202 401.2377029660186 127.16812817692698 393.331874417696 132.93585767001787 424.3282242916711 nucleus 0
58.802396929240786 409.4700571819137 95.22931924548175 405.8114270898491 102.09912074016756 474.2006904642506 65.67220420511148 477.85927935216796 nucleus 0
269.1134314572264 434.663892535695 311.96862753800815 430.3596595846721 316.41241971032287 474.5977986875631 273.5572287366813 478.9019993072908 nucleus 0
600.9987628962699 549.7183961240306 616.4493149999907 548.1667250000019 618.5562176629901 569.1411027108585 603.1056666161021 570.6927670385563 nucleus 0