599.5348319826735 120.30662729031596 592.104131795495 152.95832931464176 557.1863759947882 145.01197842457213 564.6171162898827 112.36033285247157 nucleus 0
640.0000414706301 166.004576 620.3080827480153 166.004576 620.3081143544841 132.27955099999997 639.9999993853271 132.27955099999997 nucleus 0
511.24118080260814 132.91972518420326 540.507453011378 137.97687232067256 536.152341012421 163.17998863028646 506.88607061310904 158.12284859340454 nucleus 0
482.8990629884356 154.2275240350782 517.4864886792056 160.20413262973622 511.5827377563255 194.3691790702049 476.99531557940645 188.39258380435155 nucleus 0
530.3579768319469 205.4454239870857 521.998296659367 242.1786128851919 476.10484760341933 231.7344796337357 484.46462589163275 195.00143030662045 nucleus 0
583.2761137374473 168.1206110971702 576.3097813568311 198.73157919716726 538.6481030835421 190.16079035600433 545.6144905131805 159.5498997643001 nucleus 0
527.356517193839 209.50963105520415 551.8812247905589 188.53478612047766 578.0368474506395 219.1161252447527 553.5122029250488 240.09090268784095 nucleus 0
339.0325618907809 51.39724252596396 357.25112664717017 42.195253763822926 373.4057354214747 74.17889060631406 355.1871757731715 83.3808716096701 nucleus 0
640.0001122307731 247.13505099999998 615.3698139603512 247.13505099999998 615.3699272507947 191.63984499999998 639.9999997531995 191.63984499999998 nucleus 0
603.0588244622049 258.479334905189 597.0211693794408 285.0088418113145 564.4169299488567 277.5890004455686 570.4546467837645 251.059582624917 nucleus 0
534.8412171148084 250.0500369769081 569.428674241135 256.0264575659499 563.5733733505913 289.9111462856624 528.9859215983597 283.93474637035985 nucleus 0
488.84824428067077 278.3645778565504 531.4174383063073 285.72007777028693 524.1831231453398 327.5851255730645 481.61393767542904 320.2296607845733 nucleus 0
570.5056899492047 332.6350000210166 562.1456186100113 369.36810835860655 519.96405857426 359.768683207156 528.3242725650052 323.0357790567508 nucleus 0
482.2599890933634 323.28471449993754 474.8288732180663 355.9363645163083 434.960961697725 346.8635241812176 442.39219378709095 314.21204164659696 nucleus 0
47.336674933176255 129.86541574208334 64.63038650428643 132.8537251223371 58.10984391515376 170.5882953473257 40.81613401904178 167.5999923749484 nucleus 0
137.80935076116293 302.85019976200795 130.37825883438927 335.5019067600734 77.11348547818488 323.3802131552825 84.5447218305344 290.7287155062926 nucleus 0
359.04948945091746 44.91865927146649 376.14116280085 33.907481404431735 394.7502160402655 62.7926117521962 377.65854860146646 73.80378204613743 nucleus 0
235.3560624151578 302.3861974255599 277.92527015611995 309.7416062210642 271.45317355927546 347.1957737499047 228.88397469469055 339.84039875667685 nucleus 0
274.1324100313068 402.55909279749847 267.16545619041426 433.1699722354011 232.462579064304 425.2725506151545 239.4296497884352 394.6618395977702 nucleus 0
451.36492778088723 344.15722979019233 441.6114910019678 387.0125137556033 399.2147676149034 377.36415854766386 408.96837917091034 334.5091247250464 nucleus 0
225.13985080528073 417.1666858596934 217.70837188822043 449.8183085858012 177.19475307516404 440.598472931596 184.62638291988696 407.9470652657924 nucleus 0
115.39371198603476 399.03139347468 129.57976829187828 428.00685509508327 94.76464801504335 445.049479925139 80.57879828935256 416.07419439912894 nucleus 0
181.02026285559987 447.9082153895163 174.9820886017551 474.4376432958506 124.67632325933664 462.9893620009741 130.71465901914053 436.4601654955226 nucleus 0
149.6427716773178 492.28171474979456 154.75234375349828 469.8337424386096 202.52921969433373 480.7066921938291 197.4198773572425 503.15446453166055 nucleus 0
88.08327383012511 504.539775956684 114.68912732962053 509.13635352694143 108.90649882669095 542.6005294773026 82.30065289564664 538.0039822959997 nucleus 0
39.96563499997137 527.4218040000026 64.26804484348395 525.5806929859368 67.18400283774827 564.0625282030104 42.88159456133144 565.9036247499505 nucleus 0
459.08985727335676 101.73369587761866 485.6955578135239 106.33112534104534 479.5318755975313 142.00047607873105 452.9261769769073 137.40305423540872 nucleus 0
432.3022162235429 376.26820912191727 436.8309305031289 405.7275903817751 389.1593512788677 413.0548606123044 384.6308701494854 383.5956870555847 nucleus 0
356.15859716221166 396.1251897537111 390.7461333131505 402.1011798753505 384.86656225410115 436.1263384808485 350.2790343717061 430.15038027659335 nucleus 0
407.83076685023843 446.81836982677345 393.644785199358 417.8429577195699 432.55646115321724 398.794834832686 446.74248068178713 427.7700496130624 nucleus 0
550.3620703555498 382.2216425111184 584.9496022888343 388.1976635126747 577.6425659699453 430.48362151671876 543.0550437336206 424.5076392688327 nucleus 0
503.98090125541785 482.9331262642443 486.8081384088873 447.8576865166749 535.8029556194379 423.8737379484453 552.9757808029535 458.9488545047643 nucleus 0
640.0000786189776 490.11376999999993 624.0635446568922 490.11376999999993 624.0636252958939 461.455017 639.9999978719279 461.455017 nucleus 0
623.7755190413736 456.37150564614785 616.8083612868213 486.9823745701765 574.0887615379324 477.26056221741715 581.0560817905207 446.64992680801873 nucleus 0
595.1444303034805 524.9804609791578 589.1059708764078 551.5098559569249 541.2211945524177 540.6125799878778 547.2598339177785 514.0834426757826 nucleus 0
576.2529414847813 555.0239685654868 570.6788246159704 579.5126170900201 533.0164456509374 570.9416628984746 538.5907007115748 546.4532115003426 nucleus 0
516.7158969666343 85.38090996694139 561.945582307817 93.19656092146089 554.4028812788747 136.84628641577655 509.1731998010073 129.03064980171587 nucleus 0
327.7361310381093 449.6109822534459 359.6631163339771 455.12709491779816 354.23736360993644 486.52600599002585 322.3103858037939 481.00992389450323 nucleus 0
343.5448770104995 514.2074385512942 333.83828443802486 494.38233504123605 364.8738754056103 479.18974885959153 374.5804922699608 499.01472551575694 nucleus 0
296.7091985612933 470.5993473989892 328.6361936078174 476.1153880615666 323.97266149593634 503.1033247061882 292.0456732465391 497.5873113261844 nucleus 0
269.9889374936902 466.6649361308817 301.91593665338587 472.1810000905605 295.39530624169856 509.9158249520613 263.468316839062 504.3997993228115 nucleus 0
361.993722338957 505.0658326531409 393.92074502924515 510.58172696459195 386.7833507985779 551.8857974127709 354.85633948825125 546.369948581374 nucleus 0
431.0662394163228 554.1795228748828 423.16962993267225 588.8718920535288 354.51689760877343 573.2482675190244 362.413864728951 538.5564086316501 nucleus 0
506.04848696231784 358.74818762731104 496.75942557551025 399.56273136482685 452.1567066319403 389.4123285731648 461.445949025001 348.5980446228411 nucleus 0
640.0000022123277 78.001416 634.5828304874158 78.001416 634.5828341430752 56.864920000000005 639.9999999191641 56.864920000000005 nucleus 0