92.52099525547237 618.4229497564579 103.74585692421533 615.4860058406404 108.89295649161795 635.1522993429271 97.66810005152365 638.0892293627506 nucleus 0
169.09737859918096 465.2547303161516 195.62860859667126 458.31204109789405 202.9489582485985 486.2818718605279 176.4177415389713 493.224525530543 nucleus 0
171.31580647837836 432.07174958370166 199.88786387817527 424.5948554580189 207.20823088100587 452.5648013010172 178.63618698189384 460.0416598801024 nucleus 0
204.32449873631413 483.2043681453214 195.00641900398477 447.6069871976472 225.6194667310774 439.5949089564098 234.93766995859914 475.1920958674736 nucleus 0
189.32812858038233 492.5618859550093 213.81853254963062 486.153377053996 221.80438275005145 516.6660206413408 197.31399324686208 523.0744916265961 nucleus 0
196.9180056262121 546.3421669213963 217.51121757239162 518.6011557863034 237.51555058515805 533.4480266532855 216.92249123902002 561.1888994872816 nucleus 0
220.29546745798143 544.228043021388 242.74507116795576 538.3538092087668 252.06190687778872 573.9519263797578 229.61232018285955 579.8261152292109 nucleus 0
274.5104997085582 568.0755831451155 282.4982866135542 598.5874725395572 249.84418642809032 607.133627594885 241.85666115401546 576.6219631295418 nucleus 0
299.48871042164683 596.8566388892849 323.97925601690076 590.4486458234259 332.0078233532695 621.1245269884649 307.5172954171285 627.5324740123788 nucleus 0
342.25736159271037 601.9633468909724 368.7887875556771 595.0213727783288 374.9597619999986 618.5997230000074 348.4283505153144 625.5416588046858 nucleus 0
74.9521961024584 538.797820604661 99.44265610196453 532.3895192029565 106.09768461436033 557.817311209826 81.60723777429666 564.2255782362839 nucleus 0
224.06686842521594 475.31952760703894 254.67984788352624 467.30880262555627 263.3311212479748 500.3639433285 232.71816082262376 508.37461861347265 nucleus 0
259.29349838268536 493.26859737253363 285.8248056208686 486.32609196867656 298.4690444266016 534.6378061997286 271.93776240856096 541.5802453455545 nucleus 0
260.4970791751839 429.6255602348183 242.8468100871396 453.404336052418 216.732576240247 434.02311459554903 234.38279792870162 410.24446302830506 nucleus 0
205.56661026006623 379.6376882741469 246.3837592490745 368.95610840020873 256.3660286468803 407.09680259641164 215.54890285537113 417.77832098312666 nucleus 0
273.09154999536986 454.33846452501626 293.5001876971364 448.9979054501524 304.14788939087885 489.68091857323566 283.7392665552761 495.0214382242615 nucleus 0
335.73447481918265 451.4138101028004 319.63523605409137 475.96358617016404 275.3496922208433 446.9261729389029 291.4488925155456 422.37661356517935 nucleus 0
226.72963070122933 360.5154269918645 219.40879639856576 332.54592959919216 254.10327179561136 323.46567322562373 261.42418757917767 351.43504144266706 nucleus 0
260.80268915779016 340.7299111931328 285.2929793373187 334.3208924242224 301.2644390852074 395.3455528325335 276.7741696674784 401.75451632950427 nucleus 0
328.1946605831763 439.91719878936317 320.20795969663595 409.40510121028177 348.78009783060406 401.927171911901 356.76688882340386 432.43912883038536 nucleus 0
344.07748596589954 392.2898891287604 374.6903561020008 384.278765199007 383.341658960926 417.3340415658518 352.72880440832523 425.3451242566135 nucleus 0
77.96941421162046 483.6713668621442 96.33720637379156 478.86494986686387 101.661133450325 499.2068204795987 83.2933481654618 504.013219036542 nucleus 0
385.33819393473095 424.96139401820216 378.01711516454816 396.991982223165 402.5073209695256 390.58237969627055 409.82846832397627 418.5516847135209 nucleus 0
404.5484852644586 390.0477224893374 429.0387736714183 383.6387996856112 437.6900386733905 416.6938118591273 413.1997626442171 423.10270177520056 nucleus 0
452.01991746536805 404.7923183484216 459.3411709469365 432.76173989139517 430.7689892969938 440.23964080216734 423.4478868509177 412.27034925363614 nucleus 0
446.47419892426115 425.261078753476 468.9236749600241 419.386364574743 478.9060071298445 457.5272054580903 456.45654535757785 463.40188161750945 nucleus 0
403.4190523264988 540.0304668961795 422.9068200194888 538.1383234432494 427.9315015969769 589.8770617137491 408.4437369141233 591.7691844811591 nucleus 0
423.4033805715444 545.4073874090714 437.68949159348267 541.6692427402045 445.67536135094997 572.1819772516935 431.3892596325604 575.9200974333013 nucleus 0
461.11559024313465 479.1836313182316 482.14376534589974 488.5816334493279 466.17824315959297 524.2980594233325 445.1501094044943 514.9001259031304 nucleus 0
424.0688572238287 547.9500726678825 438.35496793777565 544.2119314079027 445.67536336871854 572.1819779416539 431.38926114588685 575.9200967043632 nucleus 0
443.7673257098504 548.2279963737706 462.1351821368444 543.4218110842938 468.1247053395782 566.3068320715162 449.7568578209757 571.1129937828194 nucleus 0
458.496312090283 587.8437182924985 461.4917618979234 599.2856606540238 441.0831709999911 604.6270459999865 438.08778343358426 593.185157149125 nucleus 0
67.76601648758515 486.3425934672713 60.44466038154496 458.3732305486779 89.01640489864803 450.89540205654936 96.33785305406491 478.8646213107734 nucleus 0
468.16865595959825 558.1428374988024 486.53652480199526 553.3367048594043 494.5224229567975 583.8495931479323 476.1545663172001 588.6556935862843 nucleus 0
479.3935242905718 492.7172405906037 499.8021959095058 487.37683346142785 507.1226520370692 515.3471909406552 486.71399133374507 520.687569123708 nucleus 0
503.7504187149898 510.79412186818894 526.1999853161251 504.91977437157425 536.8477879550483 545.6034479388281 514.3982396107458 551.4777468357418 nucleus 0
536.0483211041719 567.5465502188955 539.0437181053858 578.9885065287698 518.6352885382803 584.329840938699 515.639951569683 572.8879361720261 nucleus 0
494.5225073536858 458.8723041692182 514.9311505632068 453.53175828580044 524.2479625992564 489.12972735947704 503.8393324922072 494.4702386643248 nucleus 0
468.3467948484031 400.51848587346717 494.8779702965112 393.57556436596616 506.191235716542 436.8018206484933 479.66007842696854 443.74469393398476 nucleus 0
518.613613888665 400.94706099244297 536.9813556355075 396.1404224129725 548.2945570109587 439.36640144829346 529.9268279647367 444.1730065818666 nucleus 0
640.0000583519432 499.761581 628.5302534323273 499.761581 628.5303088787623 472.41851500000007 640 472.41851500000007 nucleus 0
406.38422033654933 338.351631738793 423.1108208144724 344.92297982447667 405.098106076548 390.7677913711655 388.37152930296725 384.19648705768304 nucleus 0
456.14653447526507 395.5617576666032 450.8221564527048 375.2203602381527 471.23068789784156 369.87898959927134 476.55510487937136 390.2203259190143 nucleus 0
465.10847168530745 371.48132085881224 459.11867364084173 348.59719484321437 491.7723300057696 340.0510425906447 497.76219340863463 362.93506706022674 nucleus 0
417.8586476275814 315.92592186987696 438.26719017706637 310.58497524429316 448.9148804641445 351.26812411091134 428.50634836220706 356.609042885912 nucleus 0
401.1328268719808 268.68315721471566 425.623021553547 262.2738767741942 434.93977351492504 297.87163398298895 410.4495882707124 304.2808895342084 nucleus 0
433.78629702943726 260.1370267287172 456.23563681750966 254.26183163919407 466.8833641296078 294.94498722656 444.4340341089992 300.8201568894989 nucleus 0
456.585677234325 282.1802008720516 473.2545884407591 259.7218978195749 502.07478975520644 281.1115061226348 485.40597174120194 303.56972465168263 nucleus 0
485.8274830830487 309.00434622184366 506.23601177525416 303.6633726306268 516.8837352032278 344.3465479301095 496.47521683778905 349.6874942103084 nucleus 0
541.4178859686217 329.7744628460414 548.073282057594 355.2012517082968 519.501387035416 362.6790860960037 512.8461030221661 337.25239332127137 nucleus 0
276.641480831895 301.26529640171776 301.13170378237555 294.85611280470715 313.1104131139 340.62477493570844 288.62020379099704 347.03392231722296 nucleus 0
311.34797272963624 301.0994107401138 297.5727795853163 288.0679689250475 321.4862023855676 262.7912638810391 335.26134152496525 275.8226582685176 nucleus 0
295.9409604594839 250.02772874858212 318.39029431546805 244.15251017614239 325.04513000945735 269.5795483558372 302.59580167068634 275.4547520397137 nucleus 0
74.11005947433296 443.92976844707755 53.70134681557829 449.27045395625845 45.71566496808373 418.7581169749257 66.12418059106858 413.41745863942594 nucleus 0
361.1592469745665 249.26021377787467 334.6281587311387 256.2037433646705 325.9769394239265 223.1486645085275 352.5078760649194 216.20515578292142 nucleus 0
378.94997998926556 225.58551102525715 399.35845607593365 220.2443622334996 408.6752051513031 255.84210215715675 388.2667356081947 261.1832333540858 nucleus 0
370.29871588092647 192.53076909027865 375.62275967618916 212.8722631298197 340.92834941475303 221.95257474390044 335.60437096559326 201.61113691517124 nucleus 0
336.35878735825827 187.82937709444386 329.7038653627533 162.40250511140255 362.35735946000204 153.85635248334378 369.0123162946111 179.28316975956005 nucleus 0
12.26456748903729 199.2970822715252 34.713873849541415 193.4217708746295 44.03060892043868 229.01945643165618 21.581309108732967 234.8947505867665 nucleus 0
46.21214165323181 173.7459481147553 70.24369014405238 184.48792002909894 56.49007369975152 215.25613912531853 32.45854068081826 204.51419330721595 nucleus 0
7.340329616708914 105.49587777362093 27.748756844957825 100.15456642209217 35.73452857992379 130.66682940476173 15.326104175037472 136.00813335218285 nucleus 0
43.45439279044513 85.176579566247 48.77827271113347 105.51808273720432 28.369837853388162 110.85942611741322 23.045976183420862 90.51793871314943 nucleus 0
38.48524697641551 124.51315202438113 33.82684987322136 106.71433637861125 56.27611940355564 100.83885117054594 60.934527628996875 118.6376495654064 nucleus 0
55.07836162345484 71.26685336752764 75.4867819880019 65.92552306694837 81.47610515843553 88.80973044095444 61.067686228998355 94.15105699935305 nucleus 0
146.95838844963873 538.9703270508469 169.40802383207483 533.0961009169102 183.38326207900536 586.4932988648674 160.93365231412463 592.3674571608193 nucleus 0
59.02683733962476 94.68517827147377 79.43526329858287 89.34384908607869 85.42460149335966 112.22805313626326 65.01617732770683 117.56937745145532 nucleus 0
101.35222941156826 56.439052923531605 119.71980771500967 51.63184546701192 127.04009375665919 79.60141625236781 108.6725168198609 84.40862020025457 nucleus 0
109.204805760819 111.43791135306358 103.88093064706482 91.09640741705749 126.33020380526432 85.22091845247714 131.654089937947 105.5624050166872 nucleus 0
126.15260342223337 117.86964470895205 148.60187902209873 111.99422162273893 157.91861351550324 147.59190197960112 135.46934186204453 153.46731440223874 nucleus 0
214.79573209537193 181.6091024423277 235.20418788859388 176.2678842719979 243.85545731296588 209.32294770200585 223.44700651308813 214.66415260343234 nucleus 0
250.90988118645328 161.28994573314242 222.33800070280267 168.76776035483135 211.02487882693822 125.54203862674075 239.5966283200687 118.06424214407159 nucleus 0
189.19159631688672 43.36368951176168 216.2269699569879 55.44864429021394 199.18376391062338 93.5760377938515 172.14839760083123 81.49109569759975 nucleus 0
226.46462852331751 34.56165971960636 244.8322044791712 29.754444895340335 254.81441307274508 67.89476135348038 236.44683853148308 72.70197260180454 nucleus 0
426.5997540149692 82.70541470272919 433.25461536362127 108.13229970907072 404.6828023049602 115.61018249324457 398.0279730389884 90.18332501759036 nucleus 0
545.9633548258716 129.70637719250976 538.3536974402523 154.2068877532087 496.9563939925865 141.34934374987026 504.56608052285446 116.84888764944327 nucleus 0
170.33887520126882 611.6395076835365 192.7885578263522 605.7655834880314 199.0091234268766 629.5334131611813 176.55945345657528 635.4073040906031 nucleus 0
520.3675724634377 36.540594535206054 505.6603256390372 56.35713104502408 472.23495274236484 31.54982040353545 486.94219539545884 11.733294656944139 nucleus 0
640.0000334115612 210.601678 626.7124315691035 210.601678 626.7124544248509 181.71456900000004 640 181.71456900000004 nucleus 0
156.6746534696722 501.108021827836 185.24681014627276 493.6314768204759 195.2290880734654 531.7721073640677 166.6569526738749 539.2485958011207 nucleus 0