437.2954802689492 501.13257554272377 437.6177799634024 473.65952575704887 468.3994414047629 474.0205624641305 468.07729672313144 501.4934592287956 nucleus 0
407.4847398146085 490.2150885717021 407.8318039255828 460.62873357359683 437.6979673031019 460.9790324128021 437.35106141779397 490.5652305557227 nucleus 0
468.17820163392753 440.2003768551674 467.8066004552966 471.9000383915102 430.22772073083615 471.45937177480266 430.5995214798895 439.759912469292 nucleus 0
470.6747055058804 488.8424024203372 470.97219364441116 463.4826755856966 503.4702489332267 463.8638083562716 503.1729081890808 489.22338981951793 nucleus 0
524.9254126523738 453.3844925458843 544.5382712572609 480.15324040043646 523.5179323298507 495.5516609419459 503.90520940978604 468.7830356895077 nucleus 0
568.2737603467103 449.82840742160886 568.0012259285286 473.0748539601695 529.8730419159983 472.6277242315038 530.1457265001955 449.38142976171036 nucleus 0
571.0467002822406 424.4612328003773 602.3621468338388 427.5444807161889 598.9023410356458 462.6794289553458 567.5868970595911 459.5961989863519 nucleus 0
609.1442895778164 385.4286373566372 626.1068240000168 387.0987710000023 623.7309933648794 411.22581886647436 606.7684598082997 409.5556912341743 nucleus 0
474.6340557487565 603.4700712803638 473.36176232965954 586.6823376728086 500.2385631045763 584.6459206621317 501.5109480314277 601.4335544263744 nucleus 0
468.9601739459613 417.6024809163413 502.8852342013852 420.9426920198838 499.72235749555693 453.0621754612299 465.79729970821063 449.7219818101747 nucleus 0
546.8106920470018 394.6232488960313 546.4886972511886 422.09631971909886 495.56726826260274 421.4992883884744 495.88947312186065 394.02643085374683 nucleus 0
434.95927553893125 403.71681869718117 451.7699830924539 426.66170114542535 424.54351586740813 446.60651768483626 407.7329431995895 423.6617571148603 nucleus 0
373.33268487796886 398.66710554927886 412.4769851851306 402.52122053924165 408.2078782089229 445.8747274550106 369.0635818393639 442.02063889636213 nucleus 0
463.45646892717923 397.8732626420319 463.70435162789363 376.7401428121539 506.7299445486424 377.2447055589614 506.48219441667607 398.377693859976 nucleus 0
481.93851579824695 336.7589324357939 499.77644509170204 358.56340080707514 456.9996352829912 393.55483439778664 439.1618813225796 371.7505294098061 nucleus 0
333.0267833366088 379.851181466943 361.7326030059485 382.67756488732067 358.1539600958786 419.0193756736738 329.44814279835555 416.193007605765 nucleus 0
352.49791906833707 379.6635227913139 352.7954322910955 354.3037699641599 416.14360627761926 355.0467084239236 415.8463151480828 380.4062419665599 nucleus 0
437.6699951437331 340.50386390257404 438.01704165918636 310.91753472624214 470.6981964048464 311.3008553958526 470.35126848117216 340.88706689839313 nucleus 0
432.4672350453329 279.7909148057598 466.3922736225504 283.1313640734104 463.25166524657106 315.02479178590534 429.3266284409765 311.68435437368635 nucleus 0
423.0676758396294 593.9638551192435 423.2908036565641 574.9440675931223 444.7120139204344 575.1953046622863 444.4889757166675 594.2150034773568 nucleus 0
476.4695331821713 256.4150493233965 476.17220658845326 281.7747307978858 445.7565914900624 281.41806401734567 446.053994286558 256.05845984569277 nucleus 0
459.1846737894957 260.60306012546295 445.1766168550239 241.4817419833034 475.24312246459886 219.45635571157175 489.2511550515337 238.57760846765592 nucleus 0
478.805832838043 210.5856183219777 507.51162692860817 213.41223022993918 504.5789059602248 243.19451106421235 475.8731129797525 240.36790628342646 nucleus 0
496.8688125346671 222.83676290283367 497.14144173376553 199.59040232467558 536.9858588794159 200.05765144455214 536.713303417564 223.30393899024102 nucleus 0
637.6921050769306 283.0377335211699 634.2657938333286 302.62513857977916 590.5547102428682 294.9793234306805 593.981094589617 275.3920104294515 nucleus 0
601.8444263221318 276.9074437566128 602.0179216521501 262.1142979440605 633.7835927274864 262.48680163280864 633.610145095663 277.27990029112243 nucleus 0
552.1743586262892 223.08764692143797 568.1167173817084 205.04733739053634 596.2737293886312 229.92900833173564 580.3314307482651 247.96926065732066 nucleus 0
604.6594148706208 276.9404516859144 604.8329070262116 262.1473067500937 633.7835932743474 262.48679747506617 633.6101445868553 277.2798994604671 nucleus 0
636.2534870047966 239.26620428693332 636.0304851611727 258.28595872518315 611.6110851326084 257.9996117007586 611.8341293163394 238.97990011028466 nucleus 0
387.1845462862984 593.6346746239554 408.8234163153538 569.1537627085648 428.77722894561884 586.7866563415466 407.1385089933028 611.2674250895773 nucleus 0
636.7182134849281 233.54055911036318 629.7071335037617 233.45898071789776 629.8813306371449 218.48923970995685 636.8923930000165 218.5708180000003 nucleus 0
573.3718614616373 186.78402352888685 602.0776527321868 189.6106546813109 599.9764934409905 210.94831627302736 571.2707028100704 208.12168960085717 nucleus 0
597.9409130258864 190.20435026792586 598.2135298746289 166.95799373557836 637.4892888824979 167.41856854543414 637.2167335759877 190.66486359259713 nucleus 0
545.169731085989 185.35843832835909 545.4175439408573 164.22537361415735 582.4469799301733 164.65956679124446 582.1992186469288 185.7925802735863 nucleus 0
481.51441418594914 195.1800271944211 481.8366046951269 167.70704278412745 526.9447873080208 168.23600732746232 526.6226814491529 195.7089084411139 nucleus 0
498.90597081968735 146.77128565993698 499.12901659285126 127.75153434574204 543.8709918752284 128.27618637296106 543.6479902071005 147.29589435659395 nucleus 0
607.7824219191825 63.504146653416 608.0550034655607 40.25781005715177 634.5569337607594 40.568564852885835 634.284364274281 63.81488946558015 nucleus 0
400.10477398907824 238.5671882648631 411.8133156316617 223.90059913844792 448.7847025931842 253.41407863929888 437.07622981411987 268.08060409285565 nucleus 0
452.5354227209027 183.02723907756337 473.41236357809976 185.08297102975004 471.24441102932906 207.09895457436312 450.3674706421589 205.04322592472647 nucleus 0
431.57330732974515 155.07836571646158 455.0598663625715 157.39107625136535 451.6668468803982 191.84789227408532 428.1802886316291 189.5351869006111 nucleus 0
383.69786768707854 221.5098186278882 383.94571246892156 200.3767394825428 426.2389052243816 200.87269828423842 425.9911315897625 222.0057068754352 nucleus 0
335.09174030790746 198.3325839353387 371.62638807087205 201.93009148280137 369.0871911642171 227.71616677186373 332.5525445466337 224.11866660839135 nucleus 0
336.7856613670301 191.36945696397206 337.0582860583818 168.1230995846568 379.1683721784648 168.61691405420427 378.8958138205635 191.8632057730126 nucleus 0
364.8566828965704 174.95345229799753 348.98114953502954 153.28245969550667 379.0477188044315 131.2569710191131 394.9232357544679 152.9279178334031 nucleus 0
443.7851236705319 133.44341597502 443.53734975324187 154.57647611669717 400.694765076114 154.07411051685432 400.94258685057866 132.94109948103508 nucleus 0
439.19454492410296 104.44146583517406 465.29071459546685 107.01117802986252 462.31346527019923 137.2456915033973 436.2172961294709 134.67598282243975 nucleus 0
320.9612367142108 353.9306065204096 321.25871467353136 328.5708995094282 368.4494165980868 329.12434513452786 368.15209232743655 354.4839004454253 nucleus 0
331.9586064879695 320.8288082022548 314.47145841113525 329.93978953525584 298.9587679536635 300.16758644389796 316.44580397922255 291.056640636117 nucleus 0
306.29525742864644 298.8051728894693 306.0227166042023 322.05155072405955 279.52073151493096 321.7407856613204 279.79334248586383 298.49447870950246 nucleus 0
383.480694963946 587.158860969515 383.2329371036758 608.2919613257505 350.91782268253155 607.9130213855798 351.16573041290394 586.7800727605915 nucleus 0
299.71762540466443 258.56977306367855 299.3955480051227 286.0427632891698 264.6316772021237 285.6351297038613 264.9538500856579 258.162236425024 nucleus 0
284.86299385323946 235.14612749315475 285.11083359699114 214.0130549428326 322.5064873179508 214.45156818937562 322.2587142508564 235.58457517342015 nucleus 0
249.94699625218345 233.49172001287133 270.8239401478204 235.5474151861961 267.2007650213345 272.34146857968636 246.32382216630504 270.28578051924507 nucleus 0
210.69891425184323 230.69157113416853 236.79509350069566 233.26119315858764 233.40207128232578 267.7179887705796 207.3058932220738 265.1483749844273 nucleus 0
132.12645023748337 582.0981536999346 132.39922675049456 558.8517461094093 169.79479627822002 559.2903858603715 169.52220653241966 582.5366089188516 nucleus 0
161.64308653591434 543.4958411046453 143.421442742183 564.1118180762135 119.18150001198228 542.6916733068275 137.40304684164585 522.0758310549251 nucleus 0
70.56280033517396 537.8400579302092 75.55510808968393 557.876754256261 43.8319075252366 565.778890618796 38.83975571297924 545.7423289393059 nucleus 0
34.602455194617505 520.529281830329 55.479435338056646 522.5846425642192 53.28924371548055 544.8264961259338 32.41226489437395 542.7711444794277 nucleus 0
53.83493508285028 512.5267248296483 72.10228988689778 514.3251802133755 69.79324469386484 537.773951283858 51.5258911113051 535.9755041794225 nucleus 0
27.58679454520461 484.74222581972845 51.07338715461083 487.05457327022606 48.99449352276861 508.16612603310085 25.507902231620392 505.85378763902844 nucleus 0
555.4171611708443 519.426173830341 555.1446801120619 542.6726715799483 499.69192584096163 542.0224075704799 499.96465829557565 518.7761645904637 nucleus 0
51.08810988655023 486.9050456900174 74.57470118453784 489.2173928747064 72.45128216876765 510.78108195922476 48.96469227736816 508.4687440602898 nucleus 0
27.83195225900272 458.28687227035977 28.0550664011389 439.26706403475555 58.10435148254328 439.61948988693194 57.88133395239129 458.6392023700568 nucleus 0
63.49054263155267 441.230383285882 84.36750805056363 443.285865846656 82.1475105924037 465.8303476180006 61.27054634205706 463.7748729105246 nucleus 0
95.376068297046 450.62448435176725 95.64875919561018 427.3780669265036 132.49505633655644 427.8101989859305 132.22250699174765 451.0564761255204 nucleus 0
186.09045667079045 381.93951102072583 186.33836866516504 360.8064195014972 220.735893358069 361.209861673417 220.48808292071044 382.34285288680906 nucleus 0
178.04797247408715 341.68685758255845 177.70117463551287 371.2731905508418 132.0435101397743 370.7378464025742 132.39048502393416 341.15169323772244 nucleus 0
45.97487836057553 370.1425372400636 66.47298527270323 346.94849696252226 96.49168455020117 373.4753844855708 75.99371186515782 396.66929656939953 nucleus 0
51.01596259330108 331.74312718976324 51.23903718245856 312.72333919098946 91.44966247644334 313.19487131185656 91.22668064497702 332.2145673673182 nucleus 0
165.93880946071295 150.07653742489055 192.03498118498828 152.64622537527634 189.07999816517986 182.65462185706102 162.98382704539108 180.08493868778586 nucleus 0
251.98019673836825 48.333477149192426 271.9480524879327 62.85232325716474 245.41463514149655 99.34373241263346 225.4467945307988 84.8249040961911 nucleus 0
576.2492056572955 538.6929245291868 576.5219237154815 515.4464919447864 609.0199630792631 515.8276440564796 608.7473948566912 539.0739283826956 nucleus 0
133.57435726524272 93.64637984156849 119.5666692857776 74.52483090637851 154.81480319431284 48.703556453629695 168.82248250702105 67.82508219945024 nucleus 0
35.59970262591378 69.47679164107791 35.9714061433624 37.777239809108906 74.71718797380163 38.23156221314302 74.34550933467108 69.93108959291172 nucleus 0
83.70894824998686 21.84400841637 109.80511491099605 24.41374507723353 106.18192898597044 61.207849721700086 80.08576253589126 58.63811453616903 nucleus 0
467.3484518125042 522.6208845802297 467.6955917222949 493.0345008237745 507.90611466698465 493.5061762450028 507.55920224561123 523.0923347150797 nucleus 0