345.5664946905017 493.13441894615084 344.2568279970874 515.5637015191642 306.03438393554825 513.3320719785445 307.34420105756726 490.9029502715738 nucleus 0
44.6301666857471 503.3760249362449 74.88534012125456 506.1930114812449 71.03040491303545 547.5876662897999 40.775234672328224 544.7707026179025 nucleus 0
24.502633633455844 473.7323349578974 57.279070043514366 476.7841217968379 52.9042887120886 523.7610920592216 20.12785609695129 520.7093319479984 nucleus 0
0 526.480706 28.589975000000003 526.480706 28.589975000000003 569.213731 0 569.213731 nucleus 0
55.72058448800817 438.9026127115921 83.45448249368928 441.48496477740207 80.03532221147907 478.2003433409721 52.30142646054446 475.61800752664533 nucleus 0
81.37709786882624 436.4837528382906 104.0684701083228 438.5965905064329 100.097015242427 481.24252847579555 77.40564511477714 479.12970623405965 nucleus 0
129.50277639080014 425.30799316470217 115.16061338086729 440.6817180072967 91.76192070772231 418.8558624655552 106.10401887381158 403.4822148634063 nucleus 0
15.645990713092033 350.36929705933835 50.94365937780822 353.65612073507475 48.67772955280088 377.9878950175122 13.380062449068646 374.70108221208625 nucleus 0
53.875423327845056 322.17448356671764 84.13056556171796 324.9917976646213 81.4694093378057 353.5675714716699 51.214268553449074 350.75026753740053 nucleus 0
18.767137866234407 360.8440954714398 8.89921887217497 341.72188817433016 44.83181780502491 323.18065741284704 54.69975015686941 342.30276613644264 nucleus 0
0.3920172640209785 325.67138235398494 1.701730925415177 303.2420925968553 39.994486900104675 305.4779266620599 38.68487960629864 327.9071153322827 nucleus 0
432.13871307445515 437.88098349969823 414.3052349812933 412.19209524893864 448.56942981707107 388.40864607253764 466.4028632431291 414.0973689171525 nucleus 0
484.76679639752547 228.40335284872646 520.0644507406105 231.69034279843567 516.8023411402828 266.71926523878756 481.504688135974 263.4322859177372 nucleus 0
538.7915504449484 249.06392995307056 518.6214129596192 247.18563513519254 521.8511437878624 212.50512859099356 542.0211604610813 214.38341771609606 nucleus 0
540.3471571451519 205.050835222989 568.0810321689205 207.63347982185405 565.3955573771964 236.47058716099875 537.6616832678701 233.88794869170374 nucleus 0
571.1527156182274 147.3410910684176 601.4078405006876 150.1585811001826 597.5609896910464 191.46647567500628 567.3058658598893 188.64899301815743 nucleus 0
541.4021320569736 166.41413138854284 564.09347852059 168.52723744968816 560.0976890431775 211.43448068689815 537.4063435404241 209.32138101290792 nucleus 0
507.18565575560206 178.8257546473049 529.8770012252498 180.93885484388176 526.4578328316566 217.65426909165225 503.7664881141973 215.54117463549164 nucleus 0
475.2981875223486 226.54896827735234 477.3222126703331 191.8855899534425 512.8038182211458 193.9573267676639 510.77989479315875 228.62060838588494 nucleus 0
483.6274288959248 210.6674794044809 482.19881253775384 235.135766020265 441.5174585639761 232.76052043837421 442.94615192120546 208.2923173049685 nucleus 0
422.7607302519027 184.21397552597384 445.4520787707588 186.32707166474495 442.03291155281477 223.04248481095456 419.3415638166334 220.92939459025393 nucleus 0
566.2602627686283 141.83715099368754 564.7126179874613 168.34444020730746 523.8903723251133 165.96097494820512 525.4380753666192 139.45374822443557 nucleus 0
544.0243339695735 576.3305743375785 545.4534581053304 551.8622091966648 578.757685433302 553.8069272776168 577.3287419255939 578.2751208585726 nucleus 0
596.5242668478459 113.391979406113 576.6672262879729 134.67982456982662 549.9035766178713 109.71521758230709 569.7605892337015 88.42740524901882 nucleus 0
602.8847210581444 66.72785456409349 631.2404876666551 72.93815505683756 621.1841395519878 118.85441382359292 592.8283763751824 112.6441233769919 nucleus 0
568.286084730571 14.273195089453658 601.0624642018956 17.325534780589138 597.9898494903318 50.31960974247865 565.2134701385512 47.267271249333945 nucleus 0
410.2753277897864 185.92510762434455 412.06115797220264 155.33978064492575 440.0955749914283 156.97663647105162 438.30980249978893 187.56190857799197 nucleus 0
415.35588945473137 136.2667729425867 422.4234638650523 157.58936871746087 385.6856817755761 169.76616931163773 378.61816226788505 148.44361999461984 nucleus 0
408.6585257523984 137.20481387725644 391.00777498715615 156.12729558066854 364.7566831367294 131.64076974478598 382.4074041889253 112.71832299177052 nucleus 0
392.9237898624706 90.7973593479893 391.1380588449538 121.38268159267201 355.7268148629373 119.31515809475863 357.51258560783754 88.72987764888647 nucleus 0
354.5256426522974 43.062392623476164 384.7807614580961 45.8799273210365 381.5592121818918 80.47332753163472 351.3040936692414 77.65579509980253 nucleus 0
362.8455480010598 40.59059522266462 347.68845321545086 18.75418280112793 378.6771863402828 -2.7557154864822495 393.83427926688455 19.08069099465029 nucleus 0
315.45231628355396 -1.606007269076673 338.14365558166173 0.5071524864352073 334.76993624812167 36.73451105047311 312.07859698821267 34.62135181187946 nucleus 0
584.3836399613792 551.4328747298999 610.856933992909 553.8976380654052 607.9657529203541 584.943574286702 581.4924611257447 582.4788272023602 nucleus 0
103.55219893885078 69.8102579616451 105.57606417576608 35.146921619243955 128.12905129008868 36.46370839593367 126.10520232177805 71.12702927207798 nucleus 0
570.2307249351725 391.5160902234895 555.0725351465371 369.680355851046 589.8613486315298 345.5327373280209 605.0195040197286 367.36834423575476 nucleus 0
538.5798552854976 363.2318019006975 540.3658706062561 332.6464232591901 573.8111639715498 334.5992764414345 572.0252889530093 365.1845211919749 nucleus 0
561.4020621673262 309.3231000808133 562.8308380355884 284.85479829232565 603.582507615356 287.234214310518 602.1538483507175 311.7024055607452 nucleus 0
524.9070674631366 290.824545079025 526.3358106090163 266.3562634964311 562.3105441841471 268.45675219522536 560.8818976486509 292.9249417984081 nucleus 0
77.24857037173933 480.81634202943246 104.98247611518309 483.39862331225737 102.09938839230745 514.3575687814915 74.36548472804134 511.7753023791754 nucleus 0