607.7991962296073 60.32995980799163 637.2070711193373 61.356900627856675 636.1661246953736 91.16572862019672 606.7582498461707 90.13878866796017 nucleus 0
334.02582185546635 201.5345003292531 333.4409185507684 181.43208740813336 364.8906353345956 180.51704062168506 365.4755822034349 200.61940802195812 nucleus 0
409.9591979414254 174.73467247122514 410.47916619994794 192.60348291609125 373.4153682798933 193.68191454815297 372.89544672974444 175.81314967871918 nucleus 0
367.6273652798409 192.68491776067648 395.6348694342887 193.66292568805216 394.6720724480838 221.2339784237973 366.66456840655883 220.25597257216612 nucleus 0
451.5305941992847 184.70249612897632 452.44055903436674 215.97292310852885 403.86237190119573 217.38635322690027 402.9525238192582 186.1160399318025 nucleus 0
457.6127286331757 195.70299829994684 456.63794251209765 162.19895175287004 511.1162851404515 160.61391427836614 512.0911878965126 194.1178418553092 nucleus 0
237.5968655521865 67.97550454677966 236.81698060529015 41.17232422331757 271.789402333452 40.15473964699258 272.5693055418378 66.95790127615051 nucleus 0
157.49471576011274 65.83526170236594 156.45488087655394 30.097683772466027 215.54537363932468 28.378355105119553 216.58524491205753 64.11589468674565 nucleus 0
201.12031038188434 132.2724053846847 184.04155707146856 160.54689260459065 137.40853308947408 132.37924787597444 154.48728139177547 104.10483665991974 nucleus 0
107.33534866420086 54.9150390783973 87.00186824011325 33.0274190906472 117.53853899142996 4.659039259768545 137.87201292398095 26.546651023726746 nucleus 0
89.08610126571148 -0.9324980191223592 107.14135454727511 21.52652393586695 71.30995276282192 50.33207554055611 53.254709478787845 27.873062807971642 nucleus 0
584.3262030315236 75.7706032956148 584.9761319462414 98.10659603679133 547.9123471112689 99.18503151697755 547.262445844608 76.84906600374026 nucleus 0
89.56610120178084 49.2274221690884 88.44302701043489 75.05381261926291 57.56744686397724 73.71115756205127 58.6905385114369 47.884786035866924 nucleus 0
90.32901897269767 125.91229001377853 89.22420614275325 87.94109460424099 132.0451144559047 86.69517990405083 133.14998932277376 124.66631122408224 nucleus 0
2.3137545213103294e-8 21.237140795762098 -0.5849179739743704 1.134763099815254 31.597519846400246 0.19835090846333997 32.18244047304324 20.30072621933774 nucleus 0
0 258.694224 11.597162 258.694224 11.597162 282.75022 0 282.75022 nucleus 0
23.84111899707932 331.276341360238 23.256194925052114 311.1739242185081 49.09187998251582 310.4222249250994 49.676864113353076 330.5245801672738 nucleus 0
0 324.695971 23.600494999999995 324.695971 23.600494999999995 361.031388 0 361.031388 nucleus 0
498.1024840066675 76.04398245082147 496.99767190970306 38.07279557996074 562.9903942109377 36.15265040431852 564.0952569917135 74.12378534266071 nucleus 0
1.055424191217753 411.4308465359154 45.867432732120506 412.9955047994458 44.76714597076352 444.5036373749158 -0.04486222140258178 442.9389869574049 nucleus 0
100.15724349628726 334.44700319550645 112.55424190254416 313.1092444399334 154.46545274062373 337.45717222032425 142.06860313483048 358.7948020062931 nucleus 0
144.97925724004745 403.75820572287876 144.26434028238873 379.1885616975218 178.37792576887296 378.1960238899654 179.0929608996521 402.76554616888905 nucleus 0
120.90277735398558 421.10679281201726 150.81731287420553 400.8974774022039 167.60223941186268 425.73993186244826 137.68778124678647 445.94915202014244 nucleus 0
177.3876211165043 422.93458915192076 176.86769810548867 405.0657375449531 214.07456937384268 403.9832364513595 214.59459149264148 421.85198548164095 nucleus 0
262.66161841987923 399.5377977434697 247.00057327005197 419.3571452128629 210.62208765288233 390.6144434517075 226.28306599828647 370.79523090149115 nucleus 0
398.80999847344356 26.29182994565364 411.55489864388073 42.14525194102354 386.05470568356395 62.645354709509895 373.3098144138057 46.79194099994817 nucleus 0
325.4167923928617 452.1597301875616 324.76687952541397 429.82365451031654 370.2516634447966 428.5002828807063 370.9017374225368 450.83619248188967 nucleus 0
296.2525912127603 484.3051342281153 295.53769899699546 459.7354774186545 329.6512581046409 458.74302975588114 330.366292897088 483.3125393320363 nucleus 0
315.13516669379896 491.35306732239195 343.14267324058164 492.33092811669763 342.0235821586539 524.3774435263116 314.01607593448716 523.3995886508812 nucleus 0
222.11112995013536 515.5238253772517 221.46120430676092 493.1877223316558 264.28210911515635 491.94186507500126 264.9322082764411 514.2777899236158 nucleus 0
198.00698484490567 487.1638148845856 197.48704645629914 469.29495339644006 242.54240471098456 467.98408816886314 243.06248180320836 485.8528061064869 nucleus 0
176.51619297786965 453.3479992777296 192.17772085146862 433.5289787220121 220.76196805042855 456.1136360120639 205.10057255538413 475.93253451042756 nucleus 0
151.64298170086113 475.09341371667864 160.95584647329815 450.24496167964367 197.27243512839777 463.85375972659403 187.95976968795003 488.7020423780245 nucleus 0
152.55631256353809 489.55644470878644 183.36457147670444 490.63208929398087 182.40804071283492 518.0236172135301 151.5997820958728 516.9479781551192 nucleus 0
169.77704734512372 535.4045451258777 185.43918539311562 515.5859843831474 215.4566458424233 539.3030848349978 199.79467248856963 559.1214937843223 nucleus 0
147.38317851297325 575.8208359780261 146.53831492010795 546.7839028930838 186.2658671058307 545.6281999116227 187.11096399572853 574.6648926366988 nucleus 0
300.4401398511254 70.5885452648703 287.76995941901987 47.56660100170133 322.0793226745445 28.684397129642836 334.74950409377925 51.70632489342266 nucleus 0
133.7875906235422 531.8818758537718 157.87155268815695 517.355593798727 172.09410582880082 540.9310819461771 148.0102043743682 555.4572841596495 nucleus 0
121.54533710396208 555.8569838307972 106.67431652240339 537.3628207669257 130.89598280879727 517.8905957440735 145.76694229785062 536.3846436839553 nucleus 0
13.069560555159114 479.13203059022794 12.419624488029513 456.79593600911414 55.38369112502551 455.5459071523128 56.03378897343646 477.88183433878635 nucleus 0
60.770239532066626 538.1021740208363 61.35535138324485 558.2046303317802 33.57138024948654 559.013005223265 32.986385415060795 538.9106627084188 nucleus 0
57.35050637937093 576.2050480163482 56.63557042629691 551.635366955695 87.94210266954906 550.7245847386026 88.65719490306219 575.2941048227227 nucleus 0
52.47860931172909 582.9966562829507 64.7848514629004 567.4251722926718 88.95169158604403 586.5195999432318 76.64556248098961 602.0909797781225 nucleus 0
50.96883368169074 569.6841802883259 51.81405034927593 598.7210835755972 17.843408765402273 599.7094154424792 16.99841230896709 570.6727259841238 nucleus 0
123.61175976926461 610.0448744253497 122.83181959071953 583.2415754462195 157.0885157379962 582.2449717782702 157.86865344613034 609.0480674635587 nucleus 0
59.24531359807588 618.6241688392887 58.53041031943576 594.0544620903843 100.20611904859834 592.8420848887224 100.92124599068484 617.4115606713026 nucleus 0
93.99250784488686 626.5550622805143 94.2851011933817 636.6063096325094 63.264743000036106 637.5088859999923 62.97222496832546 627.4577117900952 nucleus 0
327.9927063010109 87.5731318068571 314.1857188902941 70.39860670680186 336.73151947055885 52.2736063867941 350.5384994387714 69.44811788777028 nucleus 0
60.37330939536332 629.768735587654 60.60089352511568 637.58639601536 26.773516597604612 638.5707268933776 26.54599659901578 630.7531290399643 nucleus 0
242.1661354706157 606.5951890537473 242.91386710283405 632.2816678848569 218.3664657764166 632.9958765833761 217.61888336535776 607.3095424593273 nucleus 0
335.1745790300629 78.1009667541335 357.5805792766914 78.88339622806214 356.6491150866932 105.5570632034453 334.2431148795731 104.77463444746053 nucleus 0
335.8278445880569 139.69522443421684 313.42180250045203 138.91280193763632 314.52212055490236 107.4046517172435 336.92809582491464 108.18707302314508 nucleus 0
310.405444901844 144.98985317180805 341.2136963804369 146.0656807611349 339.86643918156915 184.64607176353104 309.05818778075627 183.57024670972848 nucleus 0