50.164470067902585 292.3374148300473 33.358750852785306 270.2935635973157 65.57838584529236 245.73143145767457 82.3840661115537 267.77519268613054 nucleus 0
239.9263044489635 219.72899778683527 280.4605545649247 209.06722345348163 293.6830320269655 259.3348457540909 253.1488001388061 269.99657081813916 nucleus 0
251.12727944804647 269.4811923298839 222.76536334306002 283.74242623027465 198.25671368620533 235.00311051654842 226.61838869964413 220.74194907539226 nucleus 0
156.03313760737365 238.92457421146884 155.9972483346064 212.88504764775024 211.12385694810655 212.80898942641267 211.1598664723715 238.84839668326265 nucleus 0
154.09551048353023 346.5171293289343 116.09438031562604 356.5121884164305 107.62603047012817 324.31773611601983 145.62685986624274 314.3227187264556 nucleus 0
246.7573230166454 278.2707102315866 278.17681821325095 288.02292586330447 261.8572010432399 340.59745020050957 230.43773225304903 330.8452962868686 nucleus 0
110.81035889110353 367.895754001368 120.36676608891867 345.2159406904882 149.66562922149024 357.5601899414039 140.10933679812297 380.2399059342503 nucleus 0
152.6886210644443 362.72788292708077 173.44612418899487 377.9283982345103 154.28781393697136 404.0876801727951 133.53037087268603 388.8872349999034 nucleus 0
164.54988180019427 396.8123048553233 171.36576876677282 420.6986814162634 135.76120383419038 430.8568446240064 128.9454761998786 406.97060461248634 nucleus 0
168.62378999750945 360.55933953948147 211.69162656988192 349.2318847863075 222.80735278174689 391.49046712650113 179.73954194654652 402.8178527660083 nucleus 0
223.49102682201192 362.77539671097816 216.6754689218942 338.8890141340477 244.67975508261588 330.8991899408984 251.4953665757639 354.78548280922485 nucleus 0
30.890065502535435 322.3039460479059 26.150589183307602 296.154186852057 59.1861448007694 290.1670922812299 63.92569833653397 316.31675234437324 nucleus 0
251.02352066271123 376.92563935918486 239.19485766491562 356.92695047794234 271.940659345928 337.56056832222976 283.76931914681336 357.5591562102305 nucleus 0
157.50937460717978 472.0085656893201 149.55743092672492 444.14122801988526 177.60325542083592 436.13958336668725 185.55528114949993 464.00678347196725 nucleus 0
197.84251911165484 430.36517136485884 189.3227842867782 400.507287145432 220.05324326753907 391.7396581933424 228.57306509446062 421.5973968480863 nucleus 0
240.7266702871857 407.3671307155289 233.9109557687334 383.4807753459699 264.3523382013518 374.7956312543375 271.1681184387271 398.68187640153155 nucleus 0
290.6328513795597 390.9759360194897 282.681276258445 363.1084803934087 318.2030678947194 352.97387544791144 326.154728058973 380.8411884948012 nucleus 0
261.2761214109196 414.41957836817784 268.66006137337536 440.2964593688155 230.6184347323142 451.1498759907256 223.23468738912197 425.2731598933343 nucleus 0
191.04963315847272 496.88045044578195 181.96160098639666 465.0320415098694 220.2097227320337 454.11965259357567 229.29788869383628 485.96783697718337 nucleus 0
179.80554691595898 571.233638478265 152.2301631296432 560.0743618433121 170.0471979109716 516.0576206791867 197.6221117224486 527.2167901866151 nucleus 0
60.81150957252248 361.8325313155978 53.428025461544166 335.95556955089035 91.34552734583849 325.13750018224954 98.72908910940168 351.014329920649 nucleus 0
101.88922270441253 354.4177620591307 109.84096822343417 382.2852287166574 69.19731581030646 393.88114223350925 61.24576199283183 366.01383980701263 nucleus 0
100.76463671583042 391.33243791099255 109.28445832934813 421.19042131261233 73.59730824515282 431.37209213991673 65.07768486546411 401.51427851037874 nucleus 0
102.93233733464149 134.02712352609745 126.28379463472811 151.1286812194606 97.1609957417968 190.8938305392725 73.80958208072116 173.79232357948285 nucleus 0
116.71067590948951 269.8699403847922 98.45071932773862 253.36116583381278 134.39677278853196 213.60393714537506 152.65663015830796 230.11263263334246 nucleus 0
115.25132894195849 234.32769224884362 107.14062457016553 220.6140840560404 151.5145895853493 194.37064577274126 159.625292574201 208.08419811103133 nucleus 0
212.23125246411655 206.69745642435717 207.11988906667102 188.7825730061583 250.1177190191811 176.5149966489993 255.2291165508359 194.4298229482632 nucleus 0