477.9967406045762 371.50091725027175 495.6731512027909 366.3432663298477 504.26126720361935 395.77350786110884 486.58486609019747 400.9311362359754 nucleus 0
494.6433120022266 406.6355118220191 510.3557346075104 402.051035995583 520.4638867956965 436.690343283013 504.75147489400115 441.2747931843606 nucleus 0
474.4101567896723 432.0857000426398 469.44524831866147 405.547081904061 494.75089266525174 400.8134458993223 499.71588175118086 427.3519584156974 nucleus 0
521.7029848785751 477.4538596576195 494.2060067885177 485.47652724769733 480.94406477132 440.02903044942883 508.4406220034725 432.00642858481024 nucleus 0
513.4596152444283 485.72317808892626 542.9205057871877 477.12773258721853 557.8164792865573 528.1742237476683 528.3556247304659 536.7695829262431 nucleus 0
573.85663727473 254.4815114754877 597.4250651759212 247.60428125939316 607.0578852952895 280.6145035737618 583.4894673823146 287.4917102504026 nucleus 0
556.3127007810544 179.75394021366472 587.7372252769419 170.58411656610204 603.755047345694 225.47486088204903 572.3305391106987 234.6446451503687 nucleus 0
507.64318272420496 232.36267771986348 477.6519477667898 223.96326344114559 491.52918119019887 174.41485474716427 521.5201911122858 182.8142351902004 nucleus 0
552.9798266544094 129.67252112810772 568.6853641796915 107.03967713779902 601.8969974676293 130.08585643432778 586.1915089246759 152.71865674236136 nucleus 0
599.749750612682 102.32923716196714 583.1942615217849 123.007547268965 548.4486621097312 95.18966545629895 565.0041333323315 74.5113896683319 nucleus 0
640.0001244911982 583.39139 624.4189711076615 583.39139 624.4190626277123 547.6419750000001 639.9999839304655 547.6419750000001 nucleus 0
530.808957786794 116.64882822111046 525.3481761943112 87.45629216409921 548.7209702961991 83.0841936412491 554.1817715248908 112.27670322458866 nucleus 0
486.0591194687004 128.8979696055834 519.4476313583436 119.15490494403505 531.1329112068051 159.19864399932874 497.74440841960313 168.94168694607797 nucleus 0
558.334690896445 26.00485632203319 573.064898606608 21.706389578950006 581.0173751452385 48.95832480005191 566.2871683444973 53.256789800264116 nucleus 0
389.2903927987936 18.131480718129044 387.61341953686497 54.137132310014174 347.39302161644446 52.26383727907645 349.0700132933853 16.258204383857393 nucleus 0
320.8323671254766 44.80658080165473 343.2556285629107 42.689725849149305 347.1346380181785 83.77889804475129 324.71137685730355 85.89575091344373 nucleus 0
286.0203350459051 108.0187274765064 303.6965974923078 102.86061052434029 310.76470145082567 127.08194271959398 293.08844139726716 132.24005395832603 nucleus 0
256.8376784087741 112.96332337270752 250.8804633710679 81.11691029640087 285.588231145739 74.62448723035935 291.54547627520515 106.47086099989619 nucleus 0
254.30424899917853 43.15381509753937 285.7286941696657 33.98376416574883 294.96307405985135 65.62860193704739 263.5386315276264 74.79864669025834 nucleus 0
250.89320776125533 59.44363666624031 237.58263457551948 40.56433711170325 256.5470620555425 27.193767164769923 269.85763306409353 46.07305959452287 nucleus 0
236.99764057244465 28.779254530422683 241.96197952456714 55.31792336839014 207.07848200414446 61.84322145422961 202.11416092381114 35.304568209244195 nucleus 0
217.9420077901159 54.7130334875535 252.67878248858324 69.39820684156001 244.67128468510055 88.33931959473242 209.93451426831598 73.65415415779259 nucleus 0
225.1441047838307 69.45077440427801 230.1084666782117 95.98945101742095 197.24591826619871 102.13669935137398 192.28158865902515 75.5980513892208 nucleus 0
167.9333094174217 96.63301281123366 162.96896988606022 70.09434291237908 192.0531842840137 64.65385738433285 197.01754159817938 91.19250350728963 nucleus 0
188.6390884595312 150.44110562861286 180.69609287995263 107.97923388360873 209.25308299993048 102.63737776958719 217.1961226977146 145.0991923444808 nucleus 0
301.5863991498918 180.6379991744293 324.07253320037853 186.5213694472405 312.5708747527824 230.47916907078803 290.08474842215946 224.59581911877305 nucleus 0
250.86356329644332 235.862584484176 272.46795450075297 229.55843045314862 281.7592246001004 261.3982955133255 260.1548415113939 267.7024301940302 nucleus 0
229.2824980970181 216.69757771989495 255.4802739493607 239.64585045770957 237.1960121847951 260.51824852663066 210.99828980652092 237.57003244908765 nucleus 0
241.56777516742295 269.7393457160122 257.2800762361294 265.15455499310826 267.4452436617139 299.98906688421243 251.7329499963671 304.57384003694716 nucleus 0
283.47469394233485 344.34101826784547 261.3691293228476 334.9964955414208 278.44981865011505 294.59350362752957 300.55518089553516 303.9379776789677 nucleus 0
640.0000654543692 409.853428 621.7573275129689 409.853428 621.7573992552934 378.976809 639.9999727502291 378.976809 nucleus 0
251.70646164951904 414.03638994145246 271.3469518005877 408.3058048190395 283.7352974726673 450.7587632610035 264.09482426512113 456.48930758699345 nucleus 0
215.81263229214528 393.28342883272217 237.41715098753048 386.97970298841193 246.7084009404789 418.81945211745773 225.103895454522 425.1231463843806 nucleus 0
214.82644013325626 411.9750756939876 219.7915193982044 438.51369544086 190.4438908771408 444.0034215463043 185.47895491115924 417.46492808284506 nucleus 0
169.72216161469987 330.28453935280305 189.36258904155693 324.55370665385084 201.047808210933 364.59725379780417 181.40739360373118 370.32805565974314 nucleus 0
189.21114030694298 302.1240860046752 204.92346895378432 297.53937048100363 217.14105553859554 339.40731400568603 201.42873689321277 343.99200567535905 nucleus 0
213.94453579217952 275.4829710234578 236.04997881288 284.82760151051434 222.6870111709286 316.4366796277958 200.58158844069112 307.092084360899 nucleus 0
188.53209623492148 256.9212316778262 213.17242120727315 259.1300356748394 209.89190157422854 295.7238791540489 185.2515776155633 293.515083460064 nucleus 0
156.96236057396163 293.7029925060316 151.50132709961326 264.51047130516366 176.54353504760365 259.82610372133826 182.00462683547812 289.0185483997177 nucleus 0
138.85107590998814 285.82040237737533 160.9565353357175 295.16499544258954 147.0864881011221 327.9735223344502 124.98105038444919 318.62896719500594 nucleus 0
97.53000634656928 272.7852956337639 123.06250296751386 265.33503896602747 133.87384060944896 302.3839961430744 108.34135680583131 309.8342220767771 nucleus 0
586.6630866759806 313.36077360221 604.555138185824 297.33467606983174 629.8432487012178 325.56508105232183 611.9512661258341 341.59110629954125 nucleus 0
134.91326533388929 288.33597675219534 115.46684369270224 269.346390955134 133.05166678364913 251.33955166726173 152.49803710685228 270.32908912907084 nucleus 0
108.61911070052884 244.0637939817864 122.2534003934561 227.03485710107032 145.548440774146 245.68533674159056 131.9142012573866 262.71422728594746 nucleus 0
151.1170900853176 127.76025579154486 170.7573911286454 122.02903950028812 182.49960827706673 162.26785582076658 162.85931262391387 167.9990591232895 nucleus 0
84.78454603246064 163.37658915217486 102.46082933219441 158.21853390670861 109.94740265683504 183.87393457562624 92.27112304186448 189.03198092191076 nucleus 0
75.11572559036722 188.67143224415443 96.72008886831463 182.36718523098477 105.25132675400528 211.60251841706219 83.64696954515239 217.90675111454107 nucleus 0
67.64712261436216 185.7027958895392 85.01558567491884 193.0452242208437 73.73245979237254 219.73456490664847 56.36400598901673 212.39215264097487 nucleus 0
44.49325458241219 156.76838544923643 70.02566325536463 149.31785337793002 79.26002112639253 180.96267677312824 53.7276189369004 188.4131934564522 nucleus 0
61.07837397939875 257.42442202087886 84.64681265344552 250.5472073512635 93.99500892272044 282.58211939052467 70.42657984413381 289.45931103689657 nucleus 0
37.70529190005618 199.23902176715274 59.309660619765054 192.93480236709576 70.53951762180077 231.4179332357649 48.93515727373597 237.7221324383771 nucleus 0
13.229138817696366 206.43780491229634 34.65080401656451 205.06509272300394 36.545188892851 234.62662066422797 15.123523987276712 235.9993295290175 nucleus 0
577.9530975153466 342.3691521713912 590.6138338639721 326.5568509516276 612.5016196694924 344.08066911208084 599.8409446853475 359.8929135718156 nucleus 0
11.016473000054248 171.90967899999774 23.903509703159216 171.08386392069093 26.387364875990897 209.84400262437575 13.500328394366079 210.66981542329415 nucleus 0
83.44085007156536 341.83890355084725 94.24482688169519 359.84085692768923 57.649296085801325 381.80159795143373 46.84543820883846 363.79974811856636 nucleus 0
568.8898540892114 373.2113832129624 564.918048492982 351.98048328497623 588.9059477759292 347.4933333856485 592.8778062224592 368.72416388747 nucleus 0
533.2551718612376 360.6501020713886 529.2834019193833 339.41919061646735 557.8403387233993 334.07736295585244 561.8121692209388 355.30819498889423 nucleus 0
523.5146886240545 337.75153106875854 528.9760154610849 366.9440639538494 493.8289730410179 373.51858151385557 488.36780282625114 344.32618654295817 nucleus 0