295.6195742666023 481.9867871947922 302.41582209993794 453.4948761788718 338.1122728958144 462.00824813970735 331.3162372394436 490.4999755250872 nucleus 0
178.0346611256391 423.49484297151497 207.69462163159915 431.3915103624484 191.4742619999015 492.30605110552636 161.8143338716618 484.4094682709089 nucleus 0
252.7718914270372 402.27753911723187 245.9761622764927 430.769451996143 207.56428930508264 421.60864830459445 214.36013544407615 393.1169078266364 nucleus 0
262.8156072618003 409.3056321747299 269.6115088080114 380.8137024747554 313.45336721824424 391.26966091329075 306.6576873927261 419.7613977927882 nucleus 0
59.17950447612384 543.73224834604 54.99715452591772 561.265665698552 16.814309299152228 552.1595187126529 20.996754659499857 534.6262415005544 nucleus 0
-7.594732216966804 527.8074573830303 1.293084706994705 490.54893563598034 52.40528441223432 502.73906158871046 43.51790097054618 539.997208522598 nucleus 0
125.34678677599004 415.8988362559156 134.23385037007392 378.6400734374731 183.84908540661854 390.4730529988675 174.96235216829518 427.7315288465696 nucleus 0
67.28906095770071 362.2630399717986 91.55620106612332 368.7242380957954 81.64046962352586 405.9619493692691 57.373342883511214 399.50078684733484 nucleus 0
36.16514531728171 338.17662747027924 71.21765704985592 347.50957551779726 59.50576115275908 391.4925981687901 24.45327145018382 382.1597076698845 nucleus 0
70.1632555170363 318.93777076970815 91.73400768879219 324.68119652690314 85.84056324667472 346.8135608484914 64.2698173406825 341.0701513878131 nucleus 0
105.63830969964329 316.0441102447034 103.17517030678573 290.51355517063763 160.93826453761721 284.9409535692683 163.4015516198997 310.47134238802954 nucleus 0
6.105019187016296 278.59262515742944 12.900516052977764 250.10064722112818 64.65888224185619 262.44461448835943 57.863562316561 290.9364388317929 nucleus 0
440.42553901417705 423.8672788272408 432.061468032407 458.9341983485986 393.64961025894445 449.77341707507424 402.01383390973206 414.7067240153853 nucleus 0
476.7856381364254 407.05892498280576 469.989918793799 435.55082037971056 428.9201444711216 425.7561446631359 435.71599048402277 397.26443454971263 nucleus 0
500.9459857673937 394.29016635053006 508.2645675590902 363.6065841917732 535.587072062408 370.1228066820564 528.2686317240587 400.806266587172 nucleus 0
571.7624420458014 364.8520057679864 565.4896102144994 391.15225216971476 529.9071865675796 382.66629262452426 536.1801093115355 356.36618034410196 nucleus 0
399.7865338682459 263.61273984692167 405.53649074856366 239.50415010607247 435.63144743588055 246.68152988807407 429.88157241386943 270.7900487356493 nucleus 0
362.45144770349725 217.64711567676306 357.2243612677994 239.5640526377345 319.21305158182804 230.49878602024822 324.4401863949315 208.58192050174625 nucleus 0
358.38884684104414 190.78639618496194 379.95952759927604 196.53008731908287 370.66124847529863 231.44904792747053 349.09057392666 225.7053730305248 nucleus 0
574.6960059966659 235.12455179773548 604.3557204532408 243.02201682653987 593.8224697628903 282.5787513200647 564.1627671000606 274.6813173170431 nucleus 0
630.6353713924909 193.5846680644283 612.9782563487242 192.65931764439944 614.8280377135234 157.3642127349577 632.4850709999737 158.28956099999974 nucleus 0
156.39565205747203 624.0415426499901 129.431674843363 616.8634723519124 138.46824457134062 582.9282830385044 165.4318184495787 590.1062967530022 nucleus 0
332.05840408925724 7.728741166929102 331.8903909440269 14.947319154921066 297.91601789002016 14.156559741002868 298.0840320000425 6.937982999972272 nucleus 0
205.7240787102637 590.2632167977852 198.40465517510893 620.9465770130087 162.59401311537658 612.4061141297035 169.91360780535615 581.7230067051728 nucleus 0
214.94642594530887 555.4010018056509 207.10435935914575 588.2761375426994 168.40706767347 579.047235678783 176.24932104990876 546.1723780164127 nucleus 0
201.14723874132324 542.8447602025761 206.89823945242097 518.7362770440793 250.62532414704037 529.1649655107274 244.8745732720272 553.2732324401486 nucleus 0
234.62560081396077 516.0836986839786 241.4221356804046 487.5918658086428 282.2626858680451 497.33224704594056 275.46641165419715 525.8238543173785 nucleus 0
266.9391530689609 502.94300528970206 272.1671199215052 481.02621663282287 307.52040521314484 489.45773769877644 302.2926083704806 511.3743791451607 nucleus 0