607.0296488078748 284.73238800598386 626.1351401351567 287.3072379298342 623.3393866145343 308.0505013985745 604.2338964665396 305.47565741978076 nucleus 0
625.0674900679587 285.26202682385184 607.5852972872963 284.1417774404354 609.3590524808678 256.463484544839 626.8411474891036 257.58373077770005 nucleus 0
599.5587849686126 255.74961140918373 608.6474157547491 271.34308480761297 581.1369712201122 287.3765605172276 572.0483982410951 271.78313719805965 nucleus 0
605.5983367278532 238.128393987441 603.0946301681979 254.5738086802878 569.4014981447981 249.44440135431816 571.9052460860257 232.99903731260687 nucleus 0
615.3691309475107 222.85719943964182 630.3651533764059 224.8782675282985 627.5634265808912 245.66582133844702 612.567404837464 243.64475695004288 nucleus 0
548.7495719713479 208.50851211753945 569.466632608237 211.30064564314168 565.8255725339404 238.31558806195386 545.1085131632863 235.52346085302165 nucleus 0
541.527245754769 224.16768434387387 539.6494781486399 236.5017420367332 505.99154025068856 231.3777118940523 507.86933680879883 219.0436899115426 nucleus 0
507.6934234765213 219.01690354641863 509.57122402629466 206.6828441766185 540.610286037263 211.40820830853937 538.7325201387284 223.7422366803229 nucleus 0
576.60194506876 214.78419770227856 579.7316050176596 194.22744625786802 608.4332608408295 198.5969843914903 605.3036522922048 219.15368975705934 nucleus 0
567.7552126634691 165.3097894959148 598.8307873746817 169.4980322920583 595.7751671327424 192.1693394729296 564.6995936272288 187.98110303856868 nucleus 0
560.5060564842279 140.84359062609178 588.9919995889795 144.68283735843764 585.3509496666811 171.69775053064467 556.8650077076018 167.85850985532613 nucleus 0
589.9972979777522 153.72396593157936 594.0657644638122 127.0001810864595 625.4213789069763 131.77373925654416 621.352963149111 158.49747808911405 nucleus 0
633.7692224074999 149.4730605553999 610.710524339811 147.99541146265443 612.2280971953296 124.31447539044315 635.2867401488038 125.79212272079174 nucleus 0
626.3078912953642 87.31728229310491 637.307384617161 98.33444708196608 608.718077309386 126.87763676449735 597.7186017448548 115.8604896961178 nucleus 0
561.8920764833456 71.87118745760422 595.5572719834163 76.4085286987053 592.2238695145643 101.14086543244929 558.5586747284106 96.60352781968312 nucleus 0
556.2863835714234 72.87242656171517 558.0076279999776 61.56621500002811 576.1635780342476 64.33024585172717 574.442339582456 75.63645199045611 nucleus 0
596.7625122805475 67.46618458856264 595.0412750279793 78.77239879860268 579.5393168571172 76.41241166111074 581.2605579999945 65.1062019999835 nucleus 0
579.1306169869495 619.0199672569972 561.4873537365929 635.591246741146 540.3450724885624 613.0875199244297 557.9882005128457 596.5163574951428 nucleus 0
592.8799693606561 579.0328480329888 588.8106980000157 605.7565860000286 561.3826648167014 601.581005164435 565.4520685429452 574.8574301063919 nucleus 0
552.2159390952584 539.6684217631657 576.909576630278 533.0977407791122 587.2294947347109 571.8728798118823 562.5358780771785 578.443506260644 nucleus 0
588.6302152318967 521.5963436814193 585.1871126803599 544.208735493428 554.0070035920508 539.4619178244973 557.4502206666511 516.8496674393692 nucleus 0
612.2429194004508 322.6583009037711 601.1254642317363 341.74581208481834 566.8652487759391 321.7925116406534 577.9827030251181 302.7050908869244 nucleus 0