569.0144441823941 483.3089666306181 596.1485930734489 479.43291954345403 600.6178524159623 510.7141944387196 573.4837084019091 514.590218859219 nucleus 0
593.0498872015596 533.3600121429063 598.3646970794507 556.1515960416201 564.4016919999558 564.069503999979 559.0870690345037 541.2780818796102 nucleus 0
508.4873511567275 403.78024739228545 527.4640504881245 381.30780230456827 563.1508681861305 411.4396946766901 544.17433819297 433.9119806896486 nucleus 0
529.3705310461519 286.5805280598532 554.2434412472358 283.0270884894146 559.8006961216743 321.9234747425826 534.927789249632 325.4768985327238 nucleus 0
541.3706485418516 241.37620060819353 563.9823765872279 238.14574420998656 569.5960720540461 277.4371775126974 546.9843467005558 280.667621509005 nucleus 0
517.9248888728034 238.7691051234973 540.536616718673 235.53864286490207 546.009205215305 273.8424096975864 523.397479881969 277.0728600114958 nucleus 0
434.9452413160179 558.9111436731134 442.761393890396 592.4281595802496 403.5056298341078 601.5799468246008 395.68981343574706 568.063221948598 nucleus 0
526.9915980702353 156.88385446579576 549.6033120967331 153.65330844739975 554.4634291291732 187.67025028921546 531.8517165681988 190.90078920957336 nucleus 0
378.92505948155303 299.44591148561045 397.0144514270942 296.86160686506787 403.35351385278045 341.22996276317514 385.2641248545842 343.8142535658088 nucleus 0
394.4470142013597 227.80442097813795 404.07547063281527 252.182915157464 364.6339986539533 267.75976467065044 355.0056550781301 243.38136634786068 nucleus 0
318.22207180128316 31.41078633842173 340.75511528637435 4.723444309592732 379.58300325226446 37.50715456701337 357.04997827364423 64.19447914702779 nucleus 0
357.9369437629066 -0.0000011197519651822063 357.93694472558855 17.945280225330606 326.9128590432956 17.945279308820513 326.9128600000113 -2.4442562727047124e-11 nucleus 0
294.6037479682127 113.84738509603011 301.48021003842587 143.34255921530178 264.11335448690807 152.05403490564598 257.2369575960329 122.55891781272938 nucleus 0
230.45079263989464 132.3148572823531 264.36835763655836 127.46900894775705 268.696470259747 157.76234635984576 234.77890693109657 162.60818671644216 nucleus 0
294.681300949087 362.6154742879751 287.8044364316156 333.12035930161653 324.2344358991977 324.6273449048032 331.1113971447048 354.12231803047 nucleus 0
231.60633159837744 350.34543204880543 254.21808207785944 347.11512412506136 259.3562247785303 383.0780033092427 236.74447770834377 386.3082952779372 nucleus 0
210.26041809462185 517.9984665763764 202.75773265027965 485.8220709168105 239.89085211316706 477.16517780015226 247.39369376686227 509.34134645502155 nucleus 0
102.43783805766725 544.4314623711496 138.6167324824055 539.2636303292412 142.91662574723887 569.3594591493757 106.73773815266031 574.5272586594689 nucleus 0
138.43029886033037 472.3195327639554 117.20736453775316 491.0066635801391 85.59162793135329 455.1063196867994 106.81435838756443 436.4193426055216 nucleus 0
150.96943579861545 399.6304713465306 182.6259120170289 395.10818402853283 188.1831634609989 434.0046335112736 156.52669326023897 438.5268932487606 nucleus 0
153.17545370358857 299.483485963646 149.42451660550432 283.39523765909695 176.6884212251898 277.039105985779 180.4393914724642 293.1273056429581 nucleus 0
154.9008726626198 283.2743118321623 137.11102320245118 304.3428340373373 111.919470564535 283.07278850783024 129.70927375739848 262.0043400128209 nucleus 0
144.0350833719276 141.1529015070123 184.7361638329312 135.33789475476087 188.6451544618467 162.69772684579704 147.9440757791599 168.51272454898492 nucleus 0
195.75681082213123 32.288805504408 189.81814791237412 6.815717430218482 227.25216649123468 -1.9114533663776259 233.19083303991647 23.561628055672653 nucleus 0
627.1485412830953 330.742684987596 617.5897763951798 330.4089097451108 618.599357850253 301.49932588638256 628.1580580000445 301.83310000000074 nucleus 0