323.97410410514567 118.15787274867539 354.4063270765764 127.33420527734374 341.3723205053975 170.55929437909975 310.9401069102023 161.38298406158276 nucleus 0
485.8244847207243 396.4285987731977 510.07905613318144 394.3049186480744 513.4521980917634 432.82480372324824 489.1976283529948 434.9484711787377 nucleus 0
485.8244847207243 396.4285987731977 510.07905613318144 394.3049186480744 513.4521980917634 432.82480372324824 489.1976283529948 434.9484711787377 nucleus 0
321.61409498810826 248.088177807085 326.23269250121666 297.60378520790283 286.4851638658729 301.3108726692956 281.86678525460593 251.79546937895722 nucleus 0
373.55249731845106 381.98360231185984 370.47352767294797 348.973153420946 418.9896679294907 344.4482972322299 422.0688319995679 377.4585299150086 nucleus 0
306.7574460855394 340.33483036964196 322.06424326985143 318.12306138172676 367.4735816361499 349.4133082411674 352.1669610403478 371.62491977674813 nucleus 0
363.491513700792 385.3571061182186 339.74815962625144 408.14843629606753 288.10646343350527 354.35486621498046 311.84956023884297 331.5637700816352 nucleus 0
391.5659941913327 419.3891549099365 406.36469676297565 390.0087637790819 463.070213526662 418.5672840585195 448.2718510358245 447.94738478302713 nucleus 0
421.39465840606135 445.6734416835275 443.88897760931286 424.08226888200306 491.7135920865985 473.8998184964935 469.21952358898125 495.4907364810265 nucleus 0
582.4811102742387 524.7457972648511 564.5106992834917 560.4217519200954 482.88556078980037 519.3136256039377 500.8560786988528 483.63829697100664 nucleus 0
561.4428230200429 522.6225391922673 557.0806132954749 475.85767080968776 606.7597129538626 471.22445087959454 611.1223070033157 517.988888202298 nucleus 0
452.84946931999 72.13538569821537 456.6980610822793 113.3983500051594 408.2751523099432 117.91464329705545 404.42663717076357 76.65175094995043 nucleus 0
25.50247741783096 96.90798218861221 39.77102852004464 68.57631942339518 89.23183697588684 93.4859005796926 74.96335130410444 121.81750746017045 nucleus 0
0 69.250756 21.419974000000003 69.250756 21.419974000000003 100.498073 0 100.498073 nucleus 0
22.701252976767137 93.98327664015675 43.27828502209741 66.21037957391744 90.6732728479983 101.3252734020447 70.09630637061491 129.09811113522403 nucleus 0
33.70695547790092 155.75689182480411 0.8183992548583774 158.63684954530217 -3.038856478233356 114.58737974219359 29.849553917956655 111.70742845056752 nucleus 0
183.70612648119277 283.1352895095822 168.90856876489124 312.51603152706394 125.39437974970497 290.60137913116637 140.1919623251888 261.22078960089345 nucleus 0
89.88052089320263 239.0343537759213 131.77475496660918 235.3658992711377 135.8665786680649 282.09283123882216 93.97234675307118 285.76126907722943 nucleus 0
457.07889171200804 87.64663880618565 477.0723354952497 68.4531216026607 511.3006837138528 104.10779492171294 491.3072731601278 123.3012783741587 nucleus 0
171.6920920422126 340.6434253697736 146.6993132299831 364.63433500593595 129.0487518714508 346.24818857760806 154.04144511841878 322.257356492653 nucleus 0
77.83622768394707 333.6819922860897 92.25024182618654 311.94222517161796 141.06736154222745 344.3065066403826 126.65352904674364 366.0461130726503 nucleus 0
42.284101235782146 379.5830732742235 39.20511300988437 346.57258912460753 96.48995465016924 341.2298648161896 99.56917041316046 374.240094925426 nucleus 0
6.3347831726423465 325.6858296669368 0.03894027657224797 290.2817666170057 49.266588887694525 281.52825972795586 55.56258671771502 316.93212228023214 nucleus 0
0 324.36183700000004 28.166443 324.36183700000004 28.166443 358.553667 0 358.553667 nucleus 0
470.84177513715986 149.4805198389855 496.5499882138829 136.45024139891393 520.1861271233793 183.0825229063962 494.47794204395905 196.1127591724922 nucleus 0
523.8547078656848 135.1179901792754 579.8344155217637 172.26572624337248 563.7056879483862 196.5703228983384 507.7260333637241 159.4226532580975 nucleus 0
574.6296750570036 227.60439543106824 592.1242750420788 210.8103774599326 627.9616642559995 248.14129984950858 610.4671404664259 264.935240915977 nucleus 0
607.1771395607357 285.2303566269848 614.8944979999942 284.5546009999975 618.5097515867528 325.8392817734948 610.7923935829604 326.51503423922946 nucleus 0
480.91023849912744 297.7339704751797 515.0981025066721 290.75547521487175 525.5070062466257 341.7453297042635 491.31915501566255 348.723781760832 nucleus 0
460.98418385372497 365.5046127629095 458.41828922420973 337.99596171968886 482.6607928857993 335.73493696008404 485.2267656134063 363.2435001558646 nucleus 0