356.1046830000123 608.7731239999993 355.4856034862314 600.6040229312966 397.78163250019134 597.39946759575 398.40078314162383 605.5684902984772 nucleus 0
56.29134787392104 476.4407017288529 89.71303124424594 482.82546784390917 82.73704584513325 519.3352903757055 49.3153750019701 512.9505681820912 nucleus 0
0 476.678976 27.604965 476.678976 27.604965 511.360631 0 511.360631 nucleus 0
104.84228853361856 471.83933468218106 124.06604734096618 452.55796946140146 144.21153742187016 472.64003617885584 124.98787518015888 491.9213049867921 nucleus 0
139.11611012117646 419.51532484841835 172.5377482575277 425.9003226193603 165.7983310968848 461.1720874182436 132.37670349510154 454.787127245943 nucleus 0
129.3640598062484 372.9298985121415 173.06923474665382 381.27973050611513 165.66482308873674 420.03185019524483 121.95966178398521 411.6820667584442 nucleus 0
68.69252374148346 463.43005875821206 69.65330746395921 430.98224976058157 108.48630305903498 432.1319128728812 107.52573518650024 464.579511892179 nucleus 0
123.06215743905341 410.54997351622717 97.43106912617804 436.25903741852625 71.81274072405358 410.7214576159046 97.44368880346883 385.0125350566083 nucleus 0
310.06884183683724 533.4437804202438 290.21036656209617 544.0796331507232 274.58421778115735 514.9094338822644 294.44248490624886 504.2736495532089 nucleus 0
0 394.633591 34.464539 394.633591 34.464539 450.8442150000001 0 450.8442150000001 nucleus 0
50.352716810884885 376.28423917207317 51.18532200023765 348.1628410215745 84.37154967497918 349.1452930150223 83.53907399497984 377.26656544489765 nucleus 0
84.42575304383354 370.7976227776822 85.45049101143377 336.18667160111966 120.59183113793551 337.2270080442855 119.56725759198889 371.8377999118703 nucleus 0
130.0775664622779 285.51772822606347 171.2117845130706 293.37673252366784 162.590335108398 338.4984075217071 121.45612892243662 330.63944507053947 nucleus 0
84.18523384912987 295.01293075817375 85.33801011813921 256.0755895916079 131.55446537399257 257.44378893520354 130.40187978469476 296.3809437746989 nucleus 0
173.68386700858537 286.8368167946958 174.7085234894621 252.2258773397468 217.58062293542025 253.49501655620185 216.55611957110523 288.1058074916972 nucleus 0
521.6564119621762 238.68012678249585 522.6810968745121 204.06917049564322 577.4126554447867 205.6894377940297 576.3881313076126 240.30023793464449 nucleus 0
289.5583683822042 543.4983603110172 271.0628326024016 556.6745402572294 253.03037274738017 531.3674963954452 271.5257475637918 518.1913982636645 nucleus 0
391.03372317782487 267.060478448155 371.8854245694092 238.80606502041982 413.95688461918326 210.2950426542401 433.10515458957525 238.54932963654807 nucleus 0
386.08636755743646 165.38478417437227 387.04691546648974 132.93707276405326 423.5775981736515 134.01846660400903 422.61711780069163 166.466112510453 nucleus 0
199.74079764826456 240.943022937783 235.6229007451475 204.9489984198466 262.9816337583179 232.2216489322059 227.09965311238193 268.2155512071016 nucleus 0
437.45772562026104 140.92454326777553 438.4823029240215 106.31365600411165 478.9232103051472 107.51080411455877 477.8986999279732 142.12162556740006 nucleus 0
545.5051530471246 136.1400367087229 528.9683479134692 111.73829516030573 564.419940077496 87.71335920466262 580.9567351656005 112.11505700094702 nucleus 0
481.32808146838215 101.08674942560103 482.1605379033281 72.96541267826976 533.5477876986988 74.48656818512966 532.7153798143263 102.60785741941922 nucleus 0
509.62007484216883 49.96244288560152 508.9157375638024 73.7574160006487 460.87284526685835 72.33529818266189 461.5772075473069 48.540350503361516 nucleus 0
579.0132440000161 -0.000001672943920669267 579.0132460163295 25.61473149812318 549.83148593019 25.614729852977373 549.8314875935466 3.422109540078499e-7 nucleus 0
170.30273340868007 465.4900892266762 196.01173489099892 470.4014660723527 188.5455671773525 509.4769004994804 162.83657579202554 504.56555912650254 nucleus 0
265.0472121188068 177.71070730084685 275.9166616901348 203.65890126696507 226.8822903718683 224.19816678612978 216.01296268469014 198.2500762816457 nucleus 0
268.59999213105766 187.8879554961016 269.62458575384517 153.27705965603906 304.7659805533476 154.31734540892188 303.741466788706 188.92816244578 nucleus 0
247.90290854492923 148.53306897949236 264.4398760207696 172.93474555156308 224.64540177374147 199.9026899922504 208.10852073416754 175.5010900216668 nucleus 0
78.38213960669236 193.4693364157984 111.80364758343785 199.85500167300535 103.2610455253598 244.56400416437856 69.83954408940917 238.1783626162493 nucleus 0
121.21877538898843 195.02814953233445 101.20038230597856 165.4892700895864 151.45983827700547 131.42930208703999 171.47820642574516 160.96807329708693 nucleus 0
4.641697851329809 147.06527715842535 32.92141735983023 152.46860729391392 27.337177224108018 181.6945894380837 -0.9425396718870616 176.29126913314948 nucleus 0
49.50280729193764 189.27911221732333 30.354793543883716 161.0245445268627 64.2382882291713 138.06231774385247 83.38628556703043 166.31681427424272 nucleus 0
114.59305727265019 79.40564508298722 113.76066885997716 107.52698682831189 63.6338253057329 106.04318411192799 64.4662609288207 77.92189196077658 nucleus 0
124.10781490223599 47.211216649957606 123.33943186546094 73.16936846589404 83.81161539924506 71.99928655691 84.58002033185039 46.04115725220983 nucleus 0
117.89785334323824 479.0478274984723 145.1030216897925 507.24803458451817 105.76804189571703 545.1873529105037 78.56316979370604 516.9874385502217 nucleus 0
305.63071432152356 91.94233153726978 336.48130514018703 97.83693466600013 329.83773679996375 132.6070715031062 298.9871484348987 126.71247710665182 nucleus 0
294.8697471106425 105.45972223482765 283.5551227602991 88.76377599917845 315.44792338267143 67.15056586868565 326.76254297053674 83.84649136328095 nucleus 0
354.90787912181986 68.52113568646112 369.7039244448388 90.35429888376228 341.15854749281425 109.69898032473878 326.3625303630397 87.86584213671472 nucleus 0
362.0604595014447 60.58101046792052 395.1732360517781 61.80797470601914 393.72546651560697 100.87957972252 360.61269003301277 99.65261692190705 nucleus 0
287.8132039670163 87.69958029511245 261.52939379746385 74.46961648636147 283.5094439837121 30.802300426633906 309.7932059138111 44.03224958879858 nucleus 0
304.2215530521935 9.24128153679093 303.13302404552815 46.01531744302637 230.76618877399596 43.873185974785265 231.85474333178718 7.099175318769846 nucleus 0
159.27117223771347 266.69532325964303 140.12286415345443 238.44090613673671 192.16171337888227 203.17509554412266 211.30998621942126 231.4293586935165 nucleus 0
-0.1601485376158962 609.6994552886235 0.0000011164229363203049 604.2914742988663 28.165534406507504 605.1252646250982 28.005420167173725 610.5332111290082 nucleus 0
0 563.155118 11.150706 563.155118 11.150706 597.651811 0 597.651811 nucleus 0