585.5149093290675 587.5247027464428 610.5300452945085 590.6085674417894 607.0966002336354 618.4519049796098 582.0814678505849 615.3680596735257 nucleus 0
430.69509130313236 467.8906237157096 427.58424784267845 487.61346972465174 397.2249471694522 482.82563384014384 400.3358769566694 463.10289480395465 nucleus 0
349.3951362777443 417.29903148457504 357.2493729909911 395.82280413957517 408.5965628051781 414.5989071324565 400.7425399451313 436.07495331299646 nucleus 0
278.6055005149683 467.8287567029735 261.82046050154895 483.6996629965797 223.13075976620894 442.78766778320977 239.9156261583994 426.9169136770552 nucleus 0
234.58861748920754 421.1360352551385 235.11251499468926 449.0408645637376 172.98939155698463 450.20650761340005 172.46577987389173 422.3019563361597 nucleus 0
120.2036976335512 463.39396481335007 124.87016643892275 433.80973011851694 165.19367452594452 440.16917798335277 160.5274328860105 469.7532102121394 nucleus 0
176.2012406163558 411.5849013251557 171.5351495568757 441.16916593455636 128.986715757419 434.45901921795786 133.6529682874243 404.8749558636751 nucleus 0
233.71650954293727 377.0666415232239 242.4604482707946 398.4356683199042 193.49295677202463 418.4699413940331 184.74921535889735 397.10108180943286 nucleus 0
194.20744962430035 392.320376837084 180.61199018338812 368.9304808999521 223.33731607235677 344.0987403805981 236.9327735419938 367.48847740211306 nucleus 0
192.09887492230337 343.3452385159436 186.8108698213473 376.874129391049 132.20634782701381 368.26267674219014 137.49455030760146 334.73402962458744 nucleus 0
0 474.757228 9.19591 474.757228 9.19591 507.033501 0 507.033501 nucleus 0
584.929322779135 595.3023632005428 581.8181703458686 615.0251390608538 556.773918892286 611.0755088006464 559.8851616204047 591.3528451581456 nucleus 0
5.4533987677132245 382.63581765217765 10.741809053870384 349.10693084202074 66.2114792142529 357.85506066981463 60.923359294829424 391.38368826946817 nucleus 0
115.89898785445257 343.45609276198536 110.61095608441974 376.9850162515524 50.55824424831371 367.51431993806597 55.84649267359055 333.98566666817896 nucleus 0
71.65696837895666 314.244208349573 66.369013957883 347.77310656264126 20.7970651085634 340.58615979405465 26.085171423401334 307.05744905042604 nucleus 0
8.48140709233121 252.24275157064113 52.257746505056275 257.6406579995246 47.06073993394966 299.78541249319665 3.284404882360832 294.38752949683516 nucleus 0
146.32204677873233 303.78458576036246 140.41203714463336 341.2580509002438 85.474689613402 332.59414983556417 91.38489812285115 295.12093131954424 nucleus 0
184.88431254976604 344.35942907606267 172.0888053312956 322.3452835775094 206.6073580376542 302.28327491105665 219.40286376775475 324.29731431336285 nucleus 0
132.40230653696926 301.58953587254126 138.3125628012931 264.1160594117721 190.9582367339317 272.4187396419139 185.04821994480153 309.8920015103103 nucleus 0
108.59453531928011 241.23739110583116 102.99564510816708 276.73855184185294 60.047999333473854 269.9654595932044 65.64700762435677 234.46444607320274 nucleus 0
85.55776581881219 212.4677157477945 66.59249570766406 235.74781409045957 25.42370005910925 202.21038754116347 44.3889168221358 178.9303848493449 nucleus 0
208.76494976560934 285.89291899236764 233.7800050694932 288.9774012873118 231.57948534142633 306.8223918367746 206.5644311561482 303.7379156543052 nucleus 0
497.77871099999174 639.9999999999649 497.77889989207324 621.720808921474 526.2596666932222 621.7210576092192 526.2595999245241 640.0001268030651 nucleus 0
283.79843367045396 297.1666998620692 279.75472672602336 322.80642278243084 232.82316980963515 315.40505803219685 236.866988611946 289.7654738278877 nucleus 0
301.7254950581264 314.6166145315639 331.74356594601704 318.3179488191844 327.5766020135052 352.1095623989768 297.55853399197804 348.4082437410265 nucleus 0
231.88267043566157 263.17526020704 251.89470886245545 265.64287696564 249.70459114192636 283.4034599291486 229.69255356183567 280.9358476589459 nucleus 0
252.74417888678727 241.7358800064379 249.322634541968 263.43103694529015 204.28320867664297 256.3280633835362 207.70482670530328 234.63299813147285 nucleus 0
256.6747019982722 247.47405812479298 299.2002848545235 252.71776148262094 295.3402807549719 284.0201546489597 252.81470119683945 278.7764676471364 nucleus 0
279.7891152329248 227.80899630079375 276.6786300174863 247.53185400029153 246.5858021924214 242.78605448757557 249.69632974818524 223.0632491013461 nucleus 0
324.0028147579869 200.41901550405643 319.95921716443263 226.0587284535568 284.81765583957895 220.5167100018707 288.8613109735161 194.87706802639383 nucleus 0
318.51961394371756 254.9242530644117 312.8589742060285 230.2091316820932 361.89063875339343 218.97955145948927 367.5513544627029 243.6945635045397 nucleus 0
363.5845398235688 245.45389875713323 391.1010904380237 248.84689501959443 388.4115564086824 270.6574363777784 360.89500707705156 267.2644472627942 nucleus 0
431.60921804352256 258.5423502771189 433.6269919494225 277.9051337124702 389.7440235647082 282.477741159414 387.7263430963649 263.1150437170164 nucleus 0
638.1472918378859 381.3481298044245 633.7923328721809 408.9600890381616 600.0626196608937 403.640714835094 604.4176892432733 376.0288937171493 nucleus 0
427.49731210278696 245.0393752034709 424.6978531299101 262.78993427085743 397.2292255645152 258.4579791781858 400.02872169228795 240.70746637344394 nucleus 0
425.13808442010486 222.43259177839317 421.40552608514554 246.10002524622337 376.6322906296409 239.03904046859543 380.36492326966254 215.371697754516 nucleus 0
438.55043686256977 240.83430993949693 420.5833681981312 220.94305150469478 451.6257643962308 192.9046043703745 469.5927803491213 212.79579441441956 nucleus 0
442.9267490436905 171.29095767887537 456.58318504312774 188.38253988304086 424.79767569449905 213.7788960756798 411.1412934037071 196.687363394163 nucleus 0
468.33795685983205 201.34891853709075 469.13967864384176 182.87366010807511 500.4461444930348 184.23212239575514 499.64446581041557 202.70733998756464 nucleus 0
449.73559428683075 183.8637248727203 453.1571489509952 162.16859075548138 477.9349905251729 166.0762328737704 474.5134755205072 187.77133166159877 nucleus 0
450.0243147571018 145.7992802128124 459.7564557145961 159.17086835474117 438.6333783935697 174.54439929413752 428.9012605466269 161.17283199425603 nucleus 0
466.27381085862 167.9323730000392 455.8779500129458 150.04563105716943 482.83698596635077 134.37717881776567 493.2328464600141 152.26388927311154 nucleus 0
474.2827553706593 114.96681537614535 469.30609477334656 146.52337112887042 436.921823683806 141.4161998345992 441.89852428062295 109.85969536255263 nucleus 0
505.2143069829617 117.50180184895305 473.06906335099484 120.18042952969319 469.5593651247327 78.06155448247415 501.7045099425741 75.38293095507753 nucleus 0
446.90982406078547 517.067725034344 471.9249354220665 520.1517797530116 468.4498226037249 548.3329192449474 443.4347143761988 545.2488818596411 nucleus 0
540.2444019366521 130.8741194017823 507.7248038068501 126.86406420176391 513.1039127191616 83.24297270618608 545.6233966744185 87.2530207208886 nucleus 0
488.04043831645686 81.65478670840996 476.8450091757404 62.39208556279333 515.7906346076197 39.75705765413267 526.9860632356722 59.01973852351482 nucleus 0
83.66798003633448 2.9217489589242507 83.1580196115101 17.52514912464229 46.65322362961888 16.25037399178543 47.1631859295303 1.6469755976260196 nucleus 0
354.2111003043101 532.6394095788049 350.16682649315044 558.2791236990498 309.84297711926047 551.9198085696349 313.8874208008201 526.2803062291692 nucleus 0
231.66885527702107 639.9999815954008 231.6689251621574 631.6299933270519 259.31546447929577 631.6301701361065 259.3154492940812 640.0001036342244 nucleus 0
264.60474480700213 601.382764739586 260.2491974998702 628.9947407483522 217.3008922389272 622.2215912780209 221.656659552973 594.6098886808533 nucleus 0
286.4139215515024 479.9729940598245 321.4350685483805 484.2907660476353 315.993527852188 528.4185350018752 280.97238730668323 524.1007989279318 nucleus 0