638.6495187147375 510.09993647401706 629.155524272719 509.1495590805297 633.7070328029222 463.6901488856114 643.2008708933427 464.6405183801792 nucleus 0
255.27333693782566 114.49160615543065 297.46850694107707 118.71619394555754 293.5412629799248 157.94098081646897 251.34609406835807 153.71640147012766 nucleus 0
162.74310205015354 315.04183831125863 194.38950828109228 318.21004868680956 188.93311583036848 372.70783025278547 157.2867129041697 369.5396421419075 nucleus 0
430.67622389964527 405.77953303086696 464.43240805027017 409.15879162510885 459.1569284221623 461.84955605047196 425.4007487404306 458.4703263591326 nucleus 0
127.84418583993101 400.586723925183 122.41621093155118 433.90758662997547 99.193983154546 430.1250723021246 104.62205481111596 396.80433060098085 nucleus 0
64.12230389578326 503.3468582888803 59.52911263448186 531.5414176011076 29.85833827588067 526.7085347357072 34.45165908517083 498.5141376758315 nucleus 0
21.526959834300214 528.3093965465386 44.67755028097599 527.3663010807795 46.704424011404626 577.1098450106025 23.553834158592508 578.0529308267738 nucleus 0
46.63183631491847 27.487160005625224 84.60748512523423 31.28933123999954 80.08355997961189 76.47369679048539 42.10791173929465 72.67152892302919 nucleus 0
110.92171006188437 2.5817283420334904 110.50976158541744 20.28081826612621 73.81152247384307 19.42665806530288 74.2234736555838 1.727570866586744 nucleus 0
567.0351306134398 282.6809950028286 573.2979865185916 244.2337689755335 610.8804647899524 250.35546293925375 604.6177720076957 288.80254346479114 nucleus 0
457.17150292264705 204.99791654929524 493.0374070462858 208.58872981911497 488.85095582547365 250.4024566383531 452.9850535240985 246.81165611761716 nucleus 0
441.802133816891 252.08907205925155 460.78997167394846 253.99006139283 456.5904694054916 295.9341007850622 437.60263276300975 294.03311959959683 nucleus 0
441.7490683566575 285.9542268820638 436.73890800644585 316.71200642527657 400.77810219911044 310.8545940115818 405.7883618534106 280.09693966665304 nucleus 0
450.2029241091077 338.4487883497351 481.84933097109024 341.6169731696815 477.68896907124144 383.170120587465 446.0425648459204 380.00195351369723 nucleus 0
419.1611092355015 351.7696762788938 442.12195205494936 367.8808626363242 414.4204213732155 407.35538560016107 391.45966988908185 391.2443088137672 nucleus 0
335.28423063413356 422.0804525857131 369.04042431262496 425.45966686664235 364.33556964773743 472.4513178060133 330.57938008583733 469.072130074299 nucleus 0
273.7871863440523 461.65811243449537 296.99457290589635 463.9812739012782 292.52280238732055 508.644660983067 269.31541861871665 506.3215183508601 nucleus 0