29.009683813346783 585.5339464216746 70.37062253424665 586.7411736370989 69.26545197449741 624.5953734096464 27.90451371052768 623.3881564851821 nucleus 0
296.3469055254245 379.2005027746211 335.12277249988983 380.33243811332875 334.1521597032988 413.5781956729561 295.3762929590448 412.44626587696746 nucleus 0
318.94671284389915 448.8003239731441 321.61124318234215 420.1679084062978 368.8371627046581 424.5620900397967 366.1728707889415 453.1942841299499 nucleus 0
332.5256889202137 380.66880256031493 363.5463831812376 381.5743450132094 362.5157127241255 416.8773900442617 331.4950186731585 415.9718523372348 nucleus 0
323.2257346461847 344.7346890728778 362.0016021752235 345.8666351753263 360.8315882558236 385.9426709446336 322.05572101804137 384.8107310110236 nucleus 0
381.07478517180425 401.5237962077638 404.3403063313599 402.20294325830207 403.30963771019015 437.5059892407604 380.04411670211994 436.82684593710394 nucleus 0
443.5841613786761 425.32782689132193 441.49080489805783 447.82473217153637 409.6159880643245 444.8590413254538 411.70944871111715 422.36225280390056 nucleus 0
422.5442899983318 357.35831940875755 420.0704175123974 383.9455890221432 380.5851359841472 380.2718084049264 383.0591376169468 353.6846843551267 nucleus 0
468.1479791575839 390.4815353103505 465.2934816313791 421.15915057668695 428.1279184363666 417.701202009111 430.98256976460107 387.02375896401753 nucleus 0
472.4070475348708 463.49109012845963 513.7679764753557 464.698410257703 512.3985493132932 511.60478093462825 471.03762081984314 510.39747106678954 nucleus 0
502.22408487948996 505.6249462405733 538.4148985949287 506.681316803934 537.059889606171 553.0938681026128 500.86907624674495 552.0375072032296 nucleus 0
193.085228592754 600.0568084090089 190.23032391960442 630.7344571055522 147.9039701603324 626.7962387599687 150.75914039443887 596.1188859791259 nucleus 0
513.2562279778358 482.2270348109231 546.8619818807929 483.2079701054619 545.812090663967 519.1694789975119 512.2063370435353 518.1885502768139 nucleus 0
532.2261159049231 541.4223352605791 560.6617549357179 542.2523186635174 559.6310877797077 577.5553795968916 531.1954489993514 576.7254022942809 nucleus 0
614.4031135564728 610.4613714847901 592.3180802141724 634.6821112309908 557.9446606921556 603.347961691904 580.0294927030336 579.1274770054843 nucleus 0
627.4880279248464 586.4846609677319 607.5065307756449 608.398893228477 565.2003678541223 569.8333323485253 585.1816492992657 547.9193728986069 nucleus 0
604.8177702849352 639.9999781347915 604.8180451283406 611.944070682697 639.5012033100647 611.9444005769088 639.5011548609182 640.0000811692111 nucleus 0
640.0000393285882 616.8822310000002 631.2810938481562 616.8822310000002 631.281151580406 591.95475 639.9999997224222 591.95475 nucleus 0
606.9387333584018 510.66394157611563 602.7518942539609 555.6579024281929 557.8452858605306 551.4797339179524 562.0324836657528 506.4861772907843 nucleus 0
589.9550935902516 503.1928447381728 613.2553523262322 494.47299104215756 628.0515583870874 534.0021224850698 604.7513366967178 542.7219051063023 nucleus 0
515.2738095896348 416.6926522482165 543.0723358326213 400.99026941434886 571.0001378378365 450.42529225193834 543.201714552124 466.1275315342218 nucleus 0
579.1631797639275 440.25278615391005 612.7689330129942 441.2337465041011 611.4595726936386 486.0828248051677 577.8538197890884 485.1018720436729 nucleus 0
219.3621283036191 623.3780946194843 258.13800220414123 624.5098180668444 257.6560799469735 641.0168899212526 218.8802062252944 639.8851708644445 nucleus 0
640.0000221163646 515.5212400000003 636.624229043664 515.5212400000003 636.6242473863531 483.32350999999994 640 483.32350999999994 nucleus 0
485.38132503083034 336.38737860724234 482.52693422327866 367.0650094189029 432.59039890814165 362.41884575602626 435.4449684629799 331.7414146201119 nucleus 0
510.9031866610894 330.5105164126082 508.809946979527 353.00743352834354 467.00490624389204 349.11783385863464 469.09825267757697 326.6210364923111 nucleus 0
506.11613077518996 283.6919643355693 539.721882079175 284.6730176960201 538.7512747286382 317.91877009965623 505.14552357773937 316.9377203815292 nucleus 0
509.6841306812712 274.6995810229462 507.4006314763392 299.2416350920747 476.4375645660766 296.3607778328347 478.7211360910442 271.8188042795786 nucleus 0
443.1785448640585 266.44892766691174 440.704770646189 293.03617023107853 403.7998022232932 289.6024758298086 406.27366763677855 263.01533503929863 nucleus 0
456.24569723106106 265.60191088749826 458.3389926611562 243.10502054697503 500.4043796889164 247.01891069702538 498.3111821091006 269.5157102176738 nucleus 0
547.1593219945498 245.18035740752808 544.3049803872418 275.857923630675 513.3419179651537 272.9770583989146 516.1963415898208 242.2995823662459 nucleus 0
484.6207989829418 201.82614427969835 510.1049276191043 192.2874478417462 527.5734112772625 238.95568020687182 502.08930288572446 248.49433763231593 nucleus 0
367.1916798427992 218.12852418122566 394.81893571355613 198.69682706736768 428.30694241863966 246.30705815421504 400.6797677133727 265.7386577459365 nucleus 0
228.29451507706835 583.2818548656987 264.4853297692316 584.3381631901832 263.37537157211045 622.3569896046262 227.184557229848 621.3006902818074 nucleus 0
394.8842367258476 105.75498659097227 433.6601018685178 106.88702955457109 432.2498399622418 155.1921654223439 393.4739749136497 154.06012511756543 nucleus 0
435.135233607798 64.97145657182992 462.0061862696457 49.7909453628814 491.667134932577 102.29344142611603 464.79620282647375 117.47392441706185 nucleus 0
318.7749799690937 196.52514787316198 294.6836102040834 210.135098009057 271.53651966465986 169.16268370325653 295.627767860351 155.55277655648365 nucleus 0
128.44623883531312 243.50633772420426 108.46711790771224 265.42257630249856 56.45153504992777 218.0062561691381 76.4305497733585 196.09015152667416 nucleus 0
124.23411477095215 205.8309531915647 126.89821644344192 177.19855970595333 160.962368561959 180.36797468774216 158.2983430702734 209.00029718982978 nucleus 0
214.43647264837637 187.4061025182936 212.34331442370603 209.90298028598573 181.38025562242547 207.02213378148804 183.47345962807594 184.52530713783815 nucleus 0
217.42582373713958 157.9790355028708 256.20168983332405 159.11106432849786 255.0004491879372 200.25674584753335 216.22458322111925 199.1247201185592 nucleus 0
187.42246807232732 192.5389590371393 172.35821510774258 170.65186512643405 198.6696879619558 152.5428503545932 213.73392950168636 174.42989963808822 nucleus 0
142.7282550765085 146.57323999227032 178.91906414595724 147.6298125544207 177.81871633305855 185.31932772638046 141.62790737726027 184.26275761660446 nucleus 0
151.11874450012692 159.3480720174056 129.93756680254592 179.69503364694975 101.29117936950934 149.87463768330022 122.47230546978244 129.5277233410091 nucleus 0
240.1771346024907 530.7527357200247 273.78289311833214 531.7336307372734 272.3726294210064 580.0388604288147 238.76687132767984 579.0579751844815 nucleus 0
88.13213497880497 155.60356795672834 119.15282688307343 156.50919433440993 118.23747795613599 187.86225787899122 87.21678613241238 186.9566333137073 nucleus 0
60.76080625090981 118.31817008540065 94.36655676661758 119.29927024971985 93.39114860704285 152.70961706124268 59.78539816875127 151.72851856051244 nucleus 0
38.204027820102056 93.3628168373451 66.63966209707723 94.19298228091839 65.60419190755056 129.6606131899087 37.16855768703681 128.8304489592038 nucleus 0
66.59641213198483 95.67438292475265 92.4469878218224 96.42907909936523 91.59650868903555 125.56025642550146 65.74593304729206 124.80556115262713 nucleus 0
96.1852329823887 57.004864787297024 124.62086660663772 57.835036201504636 123.51091528267716 95.8537471795111 95.07528168760473 95.02357666254005 nucleus 0
241.5778592780407 128.2927932687865 270.0134927134786 129.12295364699187 269.14379204870784 158.91253355426466 240.70815864863107 158.08237449566613 nucleus 0
238.56974719565187 136.6036161639644 225.58596065173333 93.62581986199325 257.3336099865264 84.03480786387266 270.3174297700025 127.01254477869448 nucleus 0
267.07519054529257 74.73151806174917 294.95456603071943 72.07978063437821 300.8934473361296 134.51851858799864 273.0140726972604 137.17024953798744 nucleus 0
234.30711484288622 68.60196580106046 218.50007245586312 91.07717155771982 180.70394961250713 64.4948309983745 196.5109855060291 42.01964976232539 nucleus 0
178.55506178173528 16.209838786172714 199.67037400179834 8.30610870040609 210.87887977308128 38.250327286784405 189.76356901541294 46.15405480407637 nucleus 0
122.20628890827356 495.0221137993563 150.64192860547337 495.8521270568249 149.25088542266167 543.4988866794556 120.8152460421843 542.6688810612441 nucleus 0
95.85016385062772 13.405798874108946 93.56674659691635 37.94781897540519 54.211847436308744 34.28618553684548 56.49527235706046 9.744174331939062 nucleus 0
131.39893694533384 5.354092957188938 130.70555523881922 22.370959436958934 94.45564740461123 20.893889538504485 95.14903200004483 3.8770259999954995 nucleus 0
281.2295571746654 11.459220625076295 280.97191116103204 17.782340886657046 245.04798688540177 16.318557872337387 245.30563400003302 9.995439000023005 nucleus 0
229.73842375060485 445.2037217497294 258.1740623760561 446.03376322845395 256.7686052598583 494.1743521606054 228.33296694261662 493.34431765358624 nucleus 0
81.79283946134092 400.3077653974068 56.370461030019214 363.3741899026172 96.33973695788882 335.86509656632643 121.76205396172008 372.7984282619883 nucleus 0
284.77936710754875 356.91770441076676 281.3540687011846 393.7308428293841 239.9396484173485 389.8775918920352 243.3651370129519 353.06466548356985 nucleus 0