128.646362869913 629.3353999131486 120.80218673072523 604.6654155452538 151.06413460052863 595.0458395997573 158.90840687672608 619.7156461419795 nucleus 0
53.29100369344815 607.6956281497576 97.00162786561123 597.1096105332491 104.8405439069029 629.4682149990335 61.12994705734309 640.0541518355581 nucleus 0
231.7138208272081 520.8121340134924 253.05421741562895 536.5229393520196 223.4113734447601 576.7784836040896 202.07111384799646 561.0678381669377 nucleus 0
313.56905643791833 556.9707063936294 306.3789791087038 534.3564030966761 344.4079750263336 522.267911130094 351.5981497656321 544.8820324134673 nucleus 0
357.2696561327757 558.9244926660593 350.7332283986034 538.3660436103432 388.3287569152162 526.4153717015286 394.865272542811 546.9736561388775 nucleus 0
360.23420144942065 535.3459814493456 353.69789761389256 514.7875084602031 391.43790398688 502.79089424576006 397.97429260353965 523.3492103444074 nucleus 0
62.863586665916955 437.0726676117993 85.82205124963366 457.31160716947903 50.373422754128114 497.5167890140261 27.415135642513633 477.2780377333671 nucleus 0
445.2341191325104 528.698875416318 438.697810559388 508.140408204928 471.3559694594005 497.75917028805327 477.8923504376871 518.3175024890063 nucleus 0
294.54908743580745 406.8273135464517 289.3204100138246 390.3804240327909 331.99788074954995 376.8141942648234 337.22661573767255 393.26097592796856 nucleus 0
377.4364907668496 389.53366822831356 366.3256529667706 354.584040046666 392.8907267063187 346.1395967523347 404.0016360331356 381.0890916189304 nucleus 0
597.4817209266621 269.89180145822047 622.8220272374165 288.550206568912 590.7055497398687 332.1651416028413 565.3653402604687 313.50684952063114 nucleus 0
630.1293326402083 305.6943385726003 609.7646107639594 305.10182162503384 610.7539146143972 271.10436528695544 631.11848499997 271.696879999999 nucleus 0
478.2021812221501 236.6009275316302 508.25282052937837 229.321376880194 516.3529011605715 262.7577579006636 486.3022701539012 270.0372852065002 nucleus 0
466.0728775258758 210.4097420589019 496.12349621616886 203.13012972151154 503.9932733956812 235.6158425003218 473.94266174676886 242.89543465874016 nucleus 0
271.24061613598315 301.56291350619665 301.29130297842494 294.2835570921936 309.67025707308494 328.8711580694662 279.6195805431489 336.15048420801827 nucleus 0
282.20512327650795 240.98001782293568 288.7406338718574 261.5387350690759 253.10848416076624 272.86535754179476 246.5730600139068 252.3067140263194 nucleus 0
119.05958410483436 246.43175137285013 151.8421016654611 238.49044392484052 160.0351420638617 272.3105359222102 127.25263371707115 280.25181678536353 nucleus 0
62.209229476648034 155.02339353479607 92.25981962219521 147.74368095554027 100.8246335543663 183.09846834708975 70.77404929492332 190.3781643429394 nucleus 0
164.46509816385515 169.8419493741967 146.01919243235898 152.3560165689582 181.2588504107407 115.18232625957559 199.70470266118355 132.66821182477594 nucleus 0
204.00533363463182 211.51131267667947 194.85588413146615 182.72906391908305 233.0289332666871 170.59473808854358 242.17842668840603 199.37690449006598 nucleus 0
333.75440130519564 153.6984219094862 350.14563092248864 149.72765860120097 356.3485040461819 175.33250101088467 339.95727671812347 179.30325789766616 nucleus 0
349.5088621204195 154.1448864244296 329.5037341074203 139.41409255342256 350.441614332085 110.97987504525969 370.4466935513483 125.71064257855282 nucleus 0
460.10531419029576 126.08283117742317 487.424022674968 119.46487096856544 496.86773300411005 158.44763959244446 469.5490293192415 165.06558572515723 nucleus 0
595.8997528404143 149.3879388188352 608.193170999948 146.40986400000432 615.8305832774204 177.9363209328001 603.5371672564361 180.91438988438838 nucleus 0
305.13613299997814 623.0325500000332 304.66370110101707 614.0188548265877 330.95844847834087 612.6409876218959 331.43093184356985 621.6546285563605 nucleus 0