243.64359024868463 524.5630674197154 216.88496125287202 512.8475002115772 234.67148954005097 472.23074439319555 261.4297351251298 483.9462151032364 nucleus 0
106.36885462758073 213.5317857347226 129.2652669725794 214.5951300147758 127.56457230796514 251.2138471837953 104.66816016873054 250.1505062627627 nucleus 0
106.36885462758073 213.5317857347226 129.2652669725794 214.5951300147758 127.56457230796514 251.2138471837953 104.66816016873054 250.1505062627627 nucleus 0
264.29477389399835 400.4478649954891 262.64302342475276 353.28291544980067 301.3208316283999 351.92855381424886 302.97282785024436 399.09324803750883 nucleus 0
229.7946949917241 270.48196713726827 230.89598442529677 301.92526651970843 184.50193290380412 303.549903554969 183.40080421898165 272.1067595694368 nucleus 0
288.1054211384617 313.6546020605995 271.0898821304727 334.0072396306505 232.53040162519028 301.772294558776 249.54586978725274 281.4197743158291 nucleus 0
240.53251913755958 267.53256739773326 266.124324857592 247.824982179159 307.47587637233664 301.5201166087061 281.88419429534406 321.22756110681416 nucleus 0
152.15172718540998 231.01163775159935 168.99335891932424 203.47955601235324 218.3477784365823 233.66894747737777 201.50630358693888 261.20089226021275 nucleus 0
194.24371445005818 207.4265509048405 169.9991840126313 226.09728508519657 131.61726296151755 176.2584213306746 155.8616494378657 157.5877708703349 nucleus 0
53.81720596415107 123.5703443878085 74.26727792691963 90.13823589171707 145.39316305126704 133.64470995622452 124.94324458035408 167.07668440614805 nucleus 0
21.01556983034243 172.85434282704978 19.45565596804954 128.30973799924385 71.04868865346361 126.50300788696552 72.60872509294131 171.04748616461984 nucleus 0
119.19525842764415 560.3146381564467 117.81875939035672 521.0104522386074 162.92964485830453 519.4309173016221 164.3064869522641 558.7347463422404 nucleus 0
520.5254022707959 560.380895903455 504.28316884936066 586.9284315936748 461.14703660758096 560.5428726176863 477.389247418032 533.9956167112839 nucleus 0
568.9869879357138 557.680009934284 570.1803517541703 591.7436893821114 524.6414216337143 593.3382838188867 523.4484007600258 559.2749362314191 nucleus 0
522.9886308231653 563.4397355814168 500.23034933939925 588.695739359221 460.2947954343108 552.7177699269549 483.052860461612 527.4620498121286 nucleus 0
564.6384320111247 529.568210316748 537.6982437624974 550.3112612136696 511.38054956987617 516.1376667418195 538.320437038492 495.39479090145267 nucleus 0
572.2663736397953 543.314788203229 612.4223851602437 534.4566278917132 625.572991329318 594.0574504952926 585.4170161522052 602.9154968007914 nucleus 0
631.7831959536124 526.3777626431737 607.9299332393566 536.8222084668021 587.190374688289 489.46534762639817 611.0432384379965 479.02100141385523 nucleus 0
627.2840306385478 427.0879240754317 628.47728702327 461.1515082919384 598.9296028685931 462.1862506092042 597.7365184081282 428.12283227181075 nucleus 0
396.47247351509577 375.05294158736626 413.31490782693436 347.52132726292746 451.3130748949334 370.764325031398 434.4708349755092 398.29576954589294 nucleus 0
440.8266767553141 378.10085490757524 480.3750328631577 379.9374016681418 478.33975889683643 423.760058585387 438.79140366683714 421.9235238311368 nucleus 0
115.68160247225023 545.6373008110598 94.12935836939141 562.2316316136935 66.58667347823211 526.4674567240891 88.13865969568724 509.8732761462602 nucleus 0
414.3578268436977 320.4983799963151 441.296672584358 299.7538516682706 455.5504402429506 318.26246038225025 428.611645145138 339.0069311392827 nucleus 0
501.60683865178726 332.66475906367066 485.53902475876384 352.65666705690086 443.9139903415344 319.20451567344094 459.98173361738736 299.21273953393984 nucleus 0
539.6477736124507 291.11256334620083 540.7490942361619 322.5558998833444 486.6389096434432 324.450750038513 485.53779072579346 293.00760957300315 nucleus 0
565.8378172208904 344.46967892285073 569.8257037719304 378.14491335322987 523.5195047147863 383.62780454567826 519.5318520308501 349.95278441846017 nucleus 0
549.6699116275704 345.85479736677655 548.568769743506 314.41145195013553 603.106342233441 312.5016765883985 604.2076867278229 343.94480834999507 nucleus 0
581.3722904719907 421.25310984608564 558.286512324994 402.353553821029 594.1320315009216 358.57360479430463 617.217568684282 377.47300334236604 nucleus 0
68.36233173940855 450.9423883834278 94.6464458463015 441.58479950563026 110.49960957068834 486.1070153537826 84.21553385305742 495.46452718073147 nucleus 0
58.89482768980088 496.7177288118537 11.50728719701874 457.92511110011526 29.661544072805555 435.7525336514492 77.04878838638251 474.54495740758375 nucleus 0
0 375.921737 16.235709 375.921737 16.235709 414.730375 0 414.730375 nucleus 0
119.76112457094132 344.9764567348818 86.70133167317545 347.2049507711695 83.48732018428564 299.52573733130174 116.54673880701012 297.2972558823599 nucleus 0
145.85337852062366 281.29207034779364 146.77111317439994 307.49477613426114 123.78790448179643 308.2996368527854 122.87023808930826 282.0969972583991 nucleus 0