586.525904255177 294.4734359353088 610.7545173726248 297.49733390207916 604.5013939442288 347.59599371640894 580.272784183544 344.57211399413234 nucleus 0
434.0902174887742 117.86612776853843 469.33178646497254 122.26478451716076 464.4736305873812 161.18727400971432 429.23206336905423 156.788626228952 nucleus 0
506.6022806359251 48.29369994588042 500.62397158479143 76.08867730220445 463.3579532560543 68.07327639091866 469.33627888851333 40.27832200407191 nucleus 0
443.4923266027181 42.53837067680208 469.9234954293206 45.83739871417902 464.8011933457019 86.87617062576372 438.3700250275433 83.57714583774188 nucleus 0
395.05814943942823 104.00412152025285 417.840430470751 90.74990233197569 435.92547019652557 121.83547717772846 413.14320369798224 135.08967645993712 nucleus 0
407.5263950454246 128.07426292230528 400.6939795573271 159.83996599564267 364.9082128092414 152.14293990007735 371.74067175015807 120.37729766870996 nucleus 0
387.67796464693674 235.45592476912546 369.16718648339156 246.22477174623324 348.2422600355494 210.25778330340697 366.75293601590965 199.48897434314844 nucleus 0
371.17526058158546 222.95031440655026 354.59941705543315 247.9925036547561 320.5842179303727 225.47805273883677 337.16004370260634 200.43595023500802 nucleus 0
365.65000004702597 260.19484189459 353.27954375774425 280.9805925100387 309.55239627917763 254.95793329273937 321.92284875643963 234.17228361451393 nucleus 0
370.34663561120396 270.1330466083663 396.77783466184337 273.43188325041694 391.8955007297336 312.5481000584979 365.46430439848336 309.24927750237475 nucleus 0
434.9683011934394 333.1202181879596 415.0334116267186 344.71712505869135 395.3620489016612 310.90487459559927 415.2967921868549 299.3080218047249 nucleus 0
558.8753309386811 336.7882049382877 534.6465588899446 333.7642757360702 542.7022670107544 269.2253302391485 566.9306862333906 272.2492370877636 nucleus 0
485.208461993534 373.66136207079313 475.1805669605528 396.15689665406757 424.31885132129537 373.4862652764213 434.34679663172574 350.99090436151107 nucleus 0
300.1058671724604 237.9104651843969 292.134508829331 274.9703944610272 259.92349803425896 268.0422424003815 267.89493907221186 230.98242786250734 nucleus 0
353.9604942884034 168.0433964597757 334.9227641550533 193.1871067477274 292.4372429009236 161.01947549911614 311.4749401183508 135.87584609799998 nucleus 0
316.7749307586928 78.08925465652153 308.80383876370615 115.14924702595843 259.0166755358223 104.44071509830808 266.9878138112108 67.38078680900293 nucleus 0
217.55394695981522 15.67820619814787 242.8124619141454 36.89555108609672 214.76386549780727 70.28637635798626 189.50536316762737 49.06904562296273 nucleus 0
204.8481437502778 51.24577069228411 199.1545083746314 77.71717513228518 169.438652731842 71.32570232360774 175.13230137359642 44.85431575847386 nucleus 0
216.8499457186408 170.15042469534092 211.15622560464544 196.62184058729136 170.7808615420072 187.93765106527803 176.4746338835539 161.46630769073238 nucleus 0
116.89381607764517 184.309604751498 96.1528795830236 154.25536223770803 125.5618057114043 133.96016665662384 146.3027267542202 164.01434696955536 nucleus 0
86.76587637019111 212.30597887400745 106.58926597847312 214.78017066698033 102.5252473319415 247.34011059953554 82.70185905261314 244.8659257633351 nucleus 0
250.91023282577225 524.5367599642291 212.14423645935312 524.9057163728226 211.72495703940513 480.8273334899706 250.49031392059987 480.4583801268675 nucleus 0
557.8969146676536 268.06810508631355 521.3049218859669 268.41642046673894 520.7200677033688 206.9553864679074 557.3116604379902 206.6070730004643 nucleus 0
103.06108387492714 40.43118169985766 97.36744768437347 66.90258968189545 42.71600960637443 55.14780132487569 48.40966383482737 28.67642162899599 nucleus 0
524.8987777782895 340.17535718439353 557.9377943078725 344.29875597184497 552.4788376675133 388.0347915781784 519.4398257336434 383.9114174480158 nucleus 0
542.5748167541315 472.8559682615332 547.7000135028356 449.0317742142556 587.6100404461613 457.6160446616917 582.4850370114291 481.4400700580051 nucleus 0
481.7175730828603 376.6783478416891 487.98129202208656 347.5598479290084 519.9593206666032 354.4380113359054 513.6957502523001 383.5563819048181 nucleus 0
501.15488565468695 124.81838716517476 518.780312872841 118.28480548328156 537.6074277494627 169.07335596471253 519.9820107039704 175.60691829075066 nucleus 0
478.9099891464866 156.40929469496567 503.1162504402164 142.32681039516388 528.1465395384294 185.35031229348527 503.94031098992855 199.4327520770528 nucleus 0
506.27346897730604 113.30859376034991 498.30232414497004 150.36856643424096 467.5715823677456 143.7588047466244 475.5427671705547 106.69888960395666 nucleus 0