0 398.949114 10.085796 398.949114 10.085796 416.818216 0 416.818216 nucleus 0
0 428.854562 15.212485000000001 428.854562 15.212485000000001 446.235714 0 446.235714 nucleus 0
20.201950408809353 439.5966138754111 41.06411521192058 442.7518200894195 36.870401110863895 470.4763510589212 16.008239722068538 467.32115983105314 nucleus 0
80.81921402226726 442.61788347667357 79.99492139817448 455.381327225629 45.28854869924544 453.1401173642257 46.11290998109325 440.3767476970979 nucleus 0
45.827634887973545 465.9915441105267 46.65204098826507 453.2281035544111 78.89928530988982 455.31061000297507 78.07495392320561 468.0739800280039 nucleus 0
0 467.3044249999999 7.131046000000001 467.3044249999999 7.131046000000001 486.599658 0 486.599658 nucleus 0
0 491.171707 19.46092 491.171707 19.46092 514.441547 0 514.441547 nucleus 0
86.6969020000397 -0.0000012463509823863147 86.69690250557323 10.625647895029807 30.20603325931006 10.625646980449892 30.206034000002546 1.9801934662124263e-11 nucleus 0
27.308391517726704 511.7898970206176 25.52234272705391 539.4439773419199 -1.3739914767938899 537.7070935763536 0.41219234641175717 510.0531589713304 nucleus 0
0 583.329718 24.192772 583.329718 24.192772 608.714998 0 608.714998 nucleus 0
26.48223097079608 607.8612308100559 25.86393604593468 617.4337946903524 6.824787000005017 616.2043310000196 7.443120523603284 606.6318086537062 nucleus 0
0 607.053709 2.5015039999999997 607.053709 2.5015039999999997 615.863162 0 615.863162 nucleus 0
25.23560575369629 9.547266182542403 68.26366728026187 16.05583872684617 64.52539316574985 40.76949499375222 21.49733237005421 34.26092400048453 nucleus 0
12.963522738791653 55.93760177923916 31.19027819353505 37.42694773429263 52.448746868321905 58.359335969879425 34.22200353736116 76.8699780803936 nucleus 0
15.937271476868773 71.01833446707708 30.279962482673 73.18784822459413 26.120108590548625 100.68856782931037 11.7774179999833 98.51905600000256 nucleus 0
4.27785444764595 103.0109753612191 29.44405781716341 96.51701463277475 39.32781441122643 134.81941632502745 14.16161538050801 141.31336568167364 nucleus 0
4.416039706557058 155.71849354210886 5.927124154259218 132.31890791977204 36.57973272165691 134.29833700405328 35.068689171239384 157.69788412925104 nucleus 0
0 346.988001 16.165587 346.988001 16.165587 369.56812 0 369.56812 nucleus 0