576.2497997443279 639.9999270861122 576.2500660452497 616.8866505083555 628.3685870841873 616.8871444478086 628.3686027724616 640.0001373797114 nucleus 0
627.2772132999671 555.4391128719861 628.653029874331 581.2576167198388 598.5052133581485 582.863578162797 597.1295699064649 557.0452397076142 nucleus 0
540.9210377179261 543.6309701870775 526.8795244747162 564.6228094801156 486.279461189406 537.4709635679217 500.3209317511937 516.4793297378357 nucleus 0
404.85853357931774 580.2333741054638 403.5975830355892 556.5664006322438 441.1475270007213 554.5662114245611 442.40865449879493 578.232996808176 nucleus 0
368.8933617197472 597.2526702426964 367.74703369774215 575.7372303320789 404.56575550851994 573.7760277222987 405.7122464735585 595.2912937459645 nucleus 0
393.09228552985587 552.810738992646 394.2387746904569 574.326157367469 357.17614787361526 576.3004322031584 356.0298346352647 554.7851820331218 nucleus 0
640.0001241343125 421.33557099999996 608.1949674841599 421.33557099999996 608.1951571891841 383.402098 639.9999526915053 383.402098 nucleus 0
317.6638597981946 576.2475654602385 318.81037098653906 597.7629768021441 286.52012656326406 599.4830222269401 285.37377488486527 577.9677629487634 nucleus 0
360.3101907900418 433.7293912773759 359.39324893362937 416.517064559606 400.9843531063234 414.30160519259056 401.90140151600644 431.51381933664504 nucleus 0
298.13821314171946 445.6718767620514 296.1896067496855 409.095746147309 322.00118498723896 407.72083020219867 323.94993267051177 444.2968108601212 nucleus 0
74.87260818903451 435.13625461611497 91.54619151908264 410.2079668906206 135.8538633176795 439.8395871441878 119.18052428874944 464.7676585056931 nucleus 0
93.80698908753402 435.3105769755009 83.96399749093689 457.272427089605 43.069223845086526 438.9463971800575 52.91226009678212 416.9847074791953 nucleus 0
151.69393151809345 341.03547144060497 180.0840802246239 336.2783695878048 185.7690306949371 370.2027726356119 157.37888735820889 374.95985280383206 nucleus 0
152.1479425700818 312.07708242865306 180.53807475458598 307.31990483769596 186.1586332137813 340.85999664664405 157.7685059268697 345.6171545858643 nucleus 0
354.0014967042953 329.07864109228143 382.39163788639416 324.3215077129099 388.37055984731705 360.00012837282463 359.9804242809478 364.75723967875433 nucleus 0
351.57669491025445 293.9481565317486 350.4305547623517 272.4327846463008 385.83820021791325 270.5466863912273 386.98441586508125 292.0619776355971 nucleus 0
461.31843371222203 225.29056254136913 492.2894602709857 220.10074219023895 498.0724015441956 254.6098986757741 467.1013788755954 259.7997028354595 nucleus 0
478.06048738122627 119.35711336903748 506.4505674411339 114.599637945887 512.625521788068 151.44801718518653 484.2354439047631 156.2054836543477 nucleus 0
379.1488956194371 142.17043325555198 390.1766753121774 120.33329030577205 434.51659535392537 142.7246601513097 423.4888827060786 164.56174574854856 nucleus 0
367.8335845829133 219.72247212171214 366.2290145661973 189.6009557499401 404.0228341068723 187.58773883709262 405.6274853514333 217.70916825402395 nucleus 0
257.3067206288397 211.24426220813456 272.79222926510556 208.64933463177204 277.1906908832898 234.89669024748878 261.70518363825977 237.4916121047151 nucleus 0
271.71446208434645 194.59561254815281 258.5522717417916 214.27651578230524 229.9052459187078 195.11846023618625 243.06742535613012 175.43760668623162 nucleus 0
127.91214787881472 230.78793142526263 153.72134260636813 226.46309040816539 160.4660190397408 266.7112802652068 134.65682841233502 271.03610490955816 nucleus 0
20.91732511500595 333.1387742980332 19.083478303728043 298.71417712732347 48.256255249725655 297.1602222372437 50.0902130574832 331.58470169408395 nucleus 0
526.281442579857 639.9999900058011 526.2816610430309 617.9704167702923 557.3483355100325 617.9706960815301 557.3482769996917 640.000109293605 nucleus 0
554.9454859999969 639.9999999999702 554.945623135427 627.4023238462199 586.535643379757 627.4026036165099 586.5355999993335 640.000185942459 nucleus 0