604.1069531668472 357.66081268430247 600.9922304670908 378.4460891371021 566.3857439457206 373.26062992658734 569.5005471908371 352.4754528943163 nucleus 0
442.47459399754007 463.6097472534699 438.97030818443454 486.99314545078033 404.36386268826027 481.80763852032146 407.86826587776886 458.42438383349565 nucleus 0
430.9885256905545 480.48405260603386 427.4841952740826 503.8674902108345 397.97093616158236 499.4451791369489 401.47537042175827 476.06186872064035 nucleus 0
394.1753889887332 504.11168429791064 409.8650921080116 522.5570254736731 382.30165818793466 545.9976660368102 366.6120930242323 527.5524549403762 nucleus 0
363.0156696865015 532.2152685798012 382.332467419983 537.2739037210115 374.5310371831147 567.0576598600003 355.21425150909636 561.9990564773277 nucleus 0
335.92952672523097 564.6984493541302 361.04140965326224 571.2744937610556 352.62499444637797 603.4060690733684 327.5131295182655 596.8300721538303 nucleus 0
278.8699130000168 624.927012999993 278.58670036868716 618.8470920644453 301.1283900633134 617.7973303082265 301.4116328207456 623.8772194782025 nucleus 0
571.7421472846036 352.8112857107517 575.2463461411389 329.4278575302525 605.8802551461849 334.01819924299303 602.3761596496479 357.40153468770785 nucleus 0
631.0615621293982 98.0173087232969 615.5970895438077 96.93593227267782 618.3693279470754 57.291363108181 633.8337654970383 58.37273833677706 nucleus 0
627.520995780942 148.6498823832 614.8037868486426 147.7606190980777 617.2244516452338 113.1438278989156 629.9416177098465 114.03308967854123 nucleus 0
603.8508073434787 140.7644767264627 588.3975593127252 136.71676522693974 601.8431812338531 85.38510606481054 617.2963613855245 89.43280802665556 nucleus 0
569.1612795812398 151.53431534864615 557.2897849181754 143.33525884291473 581.4763305315864 108.31581720751343 593.3477904773463 116.51485692048247 nucleus 0
552.1842512683361 131.32530389797728 562.9696922389121 144.00745324197499 535.7676081504178 167.14085510235014 524.9821940757829 154.45873105771886 nucleus 0
493.2948423786729 97.6039031804119 515.2636001483916 99.04862581021843 512.3254211465246 143.72675200833865 490.35666365271027 142.28203227195687 nucleus 0
476.7528823141038 90.11680157955338 494.13774971224484 94.67047856663434 486.66354656001204 123.2049923422398 469.2786811077531 118.65132069370966 nucleus 0
503.9929066818877 41.28514384001989 523.3094189542317 46.34481264919067 513.7719862708764 82.75617701529428 494.455475763898 77.69651260798352 nucleus 0
519.4941606981592 51.8408462679152 510.6697985294886 41.46448700173225 531.271709523644 23.94403416752334 540.0960692435183 34.32038957001707 nucleus 0
534.5342532188079 23.143962362193435 536.2861527815403 11.452252490186957 554.4424153645377 14.172807567062168 552.6905175146385 25.864515834683857 nucleus 0
585.5884503707057 289.29003334259096 604.9050563151832 294.3493846569567 593.1952840203303 339.05408078990274 573.8786885309673 333.99475687262196 nucleus 0
494.7986286361265 13.342533657988627 523.7733866661438 20.93205471630796 517.7474258556322 43.937545053623154 488.7726685227244 36.34802593807767 nucleus 0
470.25147873289825 51.89353566465876 450.93496563138615 46.833858152016454 459.02415868316893 15.951520335729592 478.3406557717535 21.011195544595793 nucleus 0
360.69984916219255 178.55399182331826 380.0163966931723 183.6135401165637 372.26934606303985 213.18971127711447 352.95280272883247 208.13017425813229 nucleus 0
413.4300597219408 51.06309213288354 398.0784987403604 56.45897628161958 387.59993399638915 26.646954487049307 402.95148236960813 21.251072743338163 nucleus 0
401.48174382680736 3.207202123067635 398.36726026995166 23.992463879127783 366.02718297850515 19.146592555301588 369.14166890535853 -1.6386661548200214 nucleus 0
391.20309618992906 25.575463611316955 388.08860923141765 46.36072806208665 357.45451779061113 41.77047724947179 360.5690112299635 20.985221386779884 nucleus 0
347.42890354813426 50.37869639744944 368.7706460671325 40.53210562929512 380.68947696796386 66.36521960088663 359.34773813496577 76.21180433695939 nucleus 0
346.5110465520411 4.1888682574962814 361.9642520260095 8.236613157928945 354.43546777511074 36.97948592045705 338.98226270124724 32.931741946106634 nucleus 0
325.81552609008213 4.393899409729788 345.1320311470772 9.453579420387424 336.5370163426269 42.26703535505426 317.2205118970305 37.20735681215866 nucleus 0
291.9957479336881 37.27503038762193 289.2705717452918 55.462137596022686 262.6089251368103 51.467123460537685 265.3341079222446 33.28002429402504 nucleus 0
536.5243083863606 351.74723100799827 532.6404401764739 327.2502003437683 567.5090876699687 321.7224147397511 571.3930430627079 346.2193367590475 nucleus 0
345.2231637077057 151.5103876343372 347.1697677776683 138.51959420651093 365.8864753926173 141.32415133063046 363.9398862623784 154.31493137569493 nucleus 0
316.2480572444474 155.13819815886959 319.3626200037397 134.35292808185264 337.7990956323629 137.1154981615419 334.6845565024705 157.90074690391435 nucleus 0
336.89161720554694 314.9645002691512 340.3957101882406 291.5810783344675 360.5381434071751 294.5993025748532 357.03411082271487 317.98267022391076 nucleus 0
245.22264751954935 309.19818997362853 249.50541661892203 280.6184657583582 271.353839351068 283.89232769567315 267.0711480476166 312.4719821937379 nucleus 0
298.5647879503085 230.91126225077574 287.3943512137339 242.6182588504863 266.3886235724931 222.57601392424237 277.55903457073146 210.86904617956418 nucleus 0
234.5744032503717 239.10880660873994 244.60370475229865 216.14230031528655 274.6393371940212 229.25811904081814 264.6101127428119 252.22456003355222 nucleus 0
205.6310929020401 111.72081515624471 182.7648906019749 122.27067141903986 172.23154013961903 99.44038473544083 195.09770359720278 88.89053889322881 nucleus 0
134.9975640000048 -3.08797792847699e-7 134.99756434299343 12.486886028727378 113.40953070852265 12.486885744418533 113.40953099999751 5.2131279075862956e-12 nucleus 0
522.254252676139 282.5007679120078 543.2244357304444 283.87974179881905 540.7751737446961 321.1234455643605 519.8049912757415 319.744477445519 nucleus 0
142.97165134528768 116.16925169368649 161.26460549014155 107.72937760560312 174.43133750537527 136.26722528656438 156.13839097932214 144.70708702665425 nucleus 0
158.58834199258126 154.23185765148062 177.90488629456377 159.2914325155983 167.75248760939576 198.0505919042304 148.43594839971047 192.99103033785406 nucleus 0
149.860773763794 258.47591484841683 132.47580094794102 253.92236896425106 144.3640699874959 208.53638146125888 161.74890705304279 213.08990855116096 nucleus 0
177.42213312791137 287.22218383774714 196.7387388546922 292.2815306962466 185.91680635166995 333.59680494629737 166.60021002629946 328.53748304006547 nucleus 0
150.30699946553796 272.53322157277074 163.82861467624025 276.0748014638752 154.40031750280468 312.06943541700565 140.87870770454174 308.5278698448135 nucleus 0
80.98799073581176 229.83542081354426 102.23622023644566 235.40083197040477 89.29645966614771 284.8012716181301 68.04824057740916 279.2358878073264 nucleus 0
95.74025423207786 270.8605981650967 99.63362738206342 244.87900296847653 128.5615941703145 249.21368357500273 124.66830338831642 275.19520468127035 nucleus 0
88.47943171946099 274.5698583999129 108.29697828965436 265.4270218318018 122.2498513537721 295.66880206572483 102.43232486114721 304.8116062703408 nucleus 0
186.12598258434446 451.0055419709146 201.57935361217824 455.0526845470562 192.87517228454817 488.2828249310827 177.42181035602698 484.2357066185856 nucleus 0
125.28372008702718 494.15304502031853 150.39551619818667 500.72942194174465 141.63682536986016 534.1678200191961 116.52504587895237 527.5914866094352 nucleus 0
498.70043896124116 274.26358225984825 519.9486822725157 279.828919915609 512.5836082760361 307.94673309535756 491.3353715398989 302.38141293764824 nucleus 0
133.12260330698336 456.34591736107865 146.64431041004718 459.8871527711898 139.22469811841438 488.2132396178482 125.70299790633726 484.6720224144314 nucleus 0
146.20354535567458 414.28685064587916 177.11024538955826 422.38129090390476 168.07874029967934 456.8611194101257 137.17205771397857 448.7667258246159 nucleus 0
171.70015931849775 379.9915576274152 194.88015872477263 386.0625049539218 185.05513348485692 423.5718041761285 161.87514729594113 417.50089207043334 nucleus 0
162.02245515138202 346.01406966715956 185.20241946840542 352.085136171714 176.38912673028244 385.7318787409611 153.20917321754678 379.6608410243246 nucleus 0
145.41822083301668 362.1215462043605 166.66653993765067 367.68662518396184 156.51417249689985 406.4456948348297 135.26586523475999 400.8806477572677 nucleus 0
133.37271507996775 431.8652970305611 144.15895512742281 444.54676927617476 123.91833840600157 461.759830562656 113.13215759604645 449.07841413388087 nucleus 0
105.7638080502511 388.8192752367709 125.71186891866091 367.9147029798977 148.83205979174818 389.9746174804782 128.88409795275948 410.8790927546159 nucleus 0
126.79699053085642 360.52193858332714 132.24798835428373 324.14771741513005 164.58788568714226 328.99372171898534 159.13705758102878 365.3677915336531 nucleus 0
104.47651322858292 337.1748120532598 121.86147657223046 341.72814105438715 115.61726480256766 365.56685143928 98.23230697060353 361.01353710076097 nucleus 0
92.33970434252115 314.99557652822153 118.25504852793529 303.0397526564855 131.81482917934773 332.4296168930647 105.89951359354018 344.38539417010384 nucleus 0
477.30742096355243 352.9812084722795 484.4303476178902 331.0247945938127 517.0441993043642 341.60418391388805 509.92138704823446 363.56050040260476 nucleus 0
77.19120276844478 330.2508204522301 92.43553705426166 323.21801298299073 104.7473847585934 349.902981177201 89.50306675731554 356.9357624636779 nucleus 0
32.320008152819355 302.18175128782445 45.1009378440358 282.58347442544795 70.97673886775738 299.4571655624721 58.19588593389199 319.0553747125765 nucleus 0
27.728158495083335 307.0792570988372 48.976431658520596 312.6444975271458 40.723570866757655 344.1517253837044 19.475305851519806 338.58650694494025 nucleus 0
442.93881006560696 337.41708887000703 466.1187678016722 343.4881720074112 457.1418003681174 377.7598322787065 433.96185337391216 371.6887777839025 nucleus 0
415.730901498755 394.00669915275813 436.97927224267914 399.5717246220589 425.5422883452411 443.2348098796574 404.2939326785563 437.66982350093207 nucleus 0