167.44296921438945 230.82922624889312 186.1536811467522 232.68346083320728 183.2882688553218 261.5964842644347 164.57755763265595 259.742254633321 nucleus 0
167.4195819547458 188.69811945322448 184.0513248230127 190.34635012528696 180.67966849419463 224.3675588971686 164.04792629240546 222.7193325596836 nucleus 0
180.2444881937845 229.51783450103048 182.5361007819447 203.35797648697059 207.66107544732222 205.55886402023594 205.36952043825295 231.71866821625844 nucleus 0
181.71582140610553 150.36173134094906 210.82136542005173 153.24615974386003 206.40902485458355 197.76827104483547 177.30348211887758 194.88385095862324 nucleus 0
166.3462817207619 93.61040755649864 197.53078933863435 96.70090494738709 192.598098843373 146.4734803876667 161.413592283061 143.38298986758352 nucleus 0
49.93566350232868 313.00125663491184 47.18572346289875 344.39310121087124 22.209868160207407 342.20530758054934 24.95989453724178 310.8135596525415 nucleus 0
7.510573445688351 361.755172639444 40.77408980978362 365.05136653380964 35.32108454077388 420.0742587968748 2.05757220290252 416.7780913894204 nucleus 0
103.05667521206487 380.8400671088152 126.82757478389249 398.89803829637543 95.04859755361394 440.72545875421207 71.2778242272907 422.6676322345389 nucleus 0
2.5789960000111023 443.2918429999998 14.592175642537768 443.2219633545193 14.777906829622225 475.14651118160793 2.764727191388374 475.216390444563 nucleus 0
95.80774827467394 21.57800699810913 116.59741797069728 23.63835634887019 113.2187066260667 57.73074042121497 92.42903711543477 55.67039212036324 nucleus 0
12.051125088328263 479.6633491133749 35.73865756443411 483.7510800139796 30.689812950367923 513.0027611265313 7.0022862342739245 508.915052602529 nucleus 0
52.025573457576684 442.17185579279203 87.36806752625853 445.67390777267644 83.47607459349092 484.94547377754225 48.13358397332195 481.44344564901394 nucleus 0
125.83076071619871 606.9793378282799 124.79934513539774 618.7512782808917 97.74221699997724 616.3811700000176 98.77369812274992 604.6093022409295 nucleus 0
171.61659681201854 577.0190629031154 189.46493546762213 602.8014838014676 150.29135353666788 629.9124258992115 132.44332423790183 604.1302810151051 nucleus 0
201.9729375379393 559.7927903070258 222.72549814748345 567.5368535058878 208.04449592716992 606.8691425109283 187.2919716965407 599.1251497773235 nucleus 0
251.07841321812884 530.8293484678175 269.7891581170552 532.6832597881731 267.45115546073066 556.2745915569975 248.7404118617269 554.4206891225749 nucleus 0
294.3596099352726 558.4762711093059 291.60930791804276 589.8681874291993 258.33789619093295 586.953728803889 261.0883994766482 555.5620366176504 nucleus 0
276.1942713614553 593.7899333901128 273.4438596327527 625.1817956593873 239.9937535331992 622.2516224398605 242.7443799397588 590.859998536087 nucleus 0
286.8990058820782 613.1800166679088 285.1799878082966 632.7998959092172 262.19609546453285 630.7866075454393 263.9152078930056 611.1668330325905 nucleus 0
56.272056612651795 39.20329424155155 91.61449870407523 42.70588616963558 85.66226720708073 102.76590069286388 50.31982604901714 99.26331432701065 nucleus 0
324.0739254141954 619.0723787396918 322.584122937551 636.076329666869 287.1421277925401 632.9717733678522 288.63205717439996 615.9679633125301 nucleus 0
311.595798503331 623.9804049132466 285.8233334423858 599.1767128843791 300.77510709095804 583.6453060434956 326.5474404364795 608.4488777331451 nucleus 0
312.86029492519447 607.5460304831347 315.15252449171385 581.3861196809489 348.57264836922695 584.3137252778375 346.2806279641518 610.4734418310742 nucleus 0
374.62359016164555 597.1397772537903 372.33159144045203 623.2996567752773 343.0440959645057 620.7341751496804 345.33625153017056 594.5744701638646 nucleus 0
344.7494315425138 538.91513600829 373.8550428702729 541.7989650560177 369.69467917166185 583.7785440344344 340.58907160877425 580.8947404142777 nucleus 0
279.28037301884615 485.4052748625837 261.2982644572912 472.19298082353333 289.0802380492096 434.3875818927683 307.06214743389864 447.59976900435623 nucleus 0
329.8581286334229 413.7876444684715 352.7267975623545 416.0537215495434 349.60945270948287 447.50889852148407 326.7407855237252 445.24283290167523 nucleus 0
363.11164008642663 469.90993735245246 346.9550611972227 441.5958226654829 372.349033913124 427.1077191650427 388.5056153048208 455.4216964992674 nucleus 0
358.18915896896215 382.1200889394759 374.82091673220566 383.76817569443295 371.456315291216 417.718256007596 354.8245587824931 416.070177634718 nucleus 0
345.17760807626473 385.13983546904683 328.7783335921267 369.354210713858 359.8537903682154 337.0739795713504 376.2529608130717 352.85950913597816 nucleus 0
27.19360428476648 192.0264259351761 43.721207334529026 181.25348738152329 59.95689634575683 206.16122345050215 43.42931233935815 216.93413814388083 nucleus 0
399.7595026977069 238.0467063257073 420.549184263582 240.1069510506765 416.3958539660234 282.0156712434213 395.6061735810363 279.95543490036675 nucleus 0
423.19538829768135 276.956540391201 446.0640394298389 279.2227852232021 442.9443325900502 310.70173138473956 420.0756825760618 308.43549438835834 nucleus 0
453.2046028905461 292.96876698418265 455.49628308115643 266.80891275251696 484.72418500132335 269.36922012326585 482.43259120143193 295.52899371812606 nucleus 0
446.3675042923569 339.71125939532976 467.1571950868383 341.7714162674026 463.272250852242 380.9719271512808 442.482561645229 378.9117811192071 nucleus 0
421.40573671320453 358.5653533838103 438.0374919368478 360.21346445568275 433.88179911271436 402.14583762816966 417.25004531574086 400.4977363749607 nucleus 0
407.74029572748987 378.75962392257316 424.13970278023044 394.54510576345797 399.6955929289834 419.9368056393485 383.29626713108155 404.15140630620925 nucleus 0
416.8202223121625 444.63078769867457 395.3336386738374 433.56056688687977 412.4105285277619 400.4202441847179 433.8969029911095 411.49039951597626 nucleus 0
434.7033539583208 415.03956247066674 459.65099331027886 417.5116468749016 456.79029452920076 446.37714735916774 431.84265688549203 443.90507444804604 nucleus 0
475.5355110975506 430.24103928367435 459.13602507403994 414.4556471900933 484.87951381204766 387.7140852830925 501.2789022224024 403.49938822897684 nucleus 0
487.2636882851657 414.2759066400986 514.2902948851406 416.9540067096688 510.6455456164258 453.730689663789 483.6189413796819 451.05260556916 nucleus 0
57.20220255039749 286.40409300530143 33.77454898742144 296.0708653295316 20.232022662530653 263.2519283082851 43.659526336195995 253.5851909650492 nucleus 0
468.6156190836482 463.12712023663653 457.08264842120116 440.45351741647255 480.7706768505159 428.4063424234889 492.30366266099736 451.07984549396315 nucleus 0
486.6306758096471 461.96813375172314 484.56805277201056 485.51202502519374 457.51085945405066 483.1418829581286 459.57358360872604 459.598103768499 nucleus 0
387.40003424696624 532.2263139319228 408.1897580945224 534.2861994056547 404.29778812052973 573.5577274053916 383.5080667465809 571.4978586534958 nucleus 0
465.1904950156313 531.0844743575975 483.90123754645174 532.9383946689115 481.29484001983656 559.2377989046613 462.584098946827 557.3838885008014 nucleus 0
480.27070968084445 506.0209802490708 503.13939499297703 508.28691300054686 500.27870342411916 537.1523481505619 477.4100199721579 534.8864281646783 nucleus 0
506.0227164971002 541.5758370212694 493.13690507013234 529.1735506484019 513.8104222370021 507.698528536551 526.6961548148538 520.1007427722776 nucleus 0
493.55664161637833 541.4296430247549 520.5832734644355 544.1075000895937 517.4588814484741 575.6336202954684 490.43225218891166 572.955780834197 nucleus 0
517.9630551006994 443.44511094829977 542.9107001265947 445.9171514933447 539.7910036157555 477.3959991519389 514.843360620871 474.92397199134166 nucleus 0
528.2845247606747 540.1572256722056 509.8919813714747 528.0063106417765 532.395746909533 493.9500094957169 550.7880768411269 506.10082841664325 nucleus 0
561.0247658127628 500.851483089088 577.4248283405177 516.63631297197 557.6611648844118 537.1661002097957 541.261187830969 521.3813570983571 nucleus 0
48.42282664947561 268.05587627314776 50.48530990679865 244.51201937295576 73.40961215493735 246.52013303103763 71.34718465611513 270.06393813132416 nucleus 0
559.1078282024682 573.1727225708136 539.1931749071227 554.0057920452418 565.588493231553 526.5870835599882 585.5029834237212 545.7538650503312 nucleus 0
550.9466852301557 392.26236917564984 546.2069005135709 373.034365066692 589.7103894129395 362.31161814995687 594.4502546737203 381.5395019165808 nucleus 0
640.0000532217382 251.33800900000008 626.4690167654771 251.33800900000008 626.469070309613 205.480283 640 205.480283 nucleus 0
95.57744894453208 235.28162952948998 93.74419672261865 256.2095104469155 68.64900837033929 254.01125957782045 70.48230375017738 233.0834268885349 nucleus 0
124.98423646618903 256.3099055070402 123.15099263199954 277.2377879135207 93.89315958600491 274.6749253908232 95.72645808482775 253.74710399970124 nucleus 0
129.04638317115314 280.39026829959107 131.56721671162813 251.61440091513106 167.06890291010495 254.72426773433594 164.54817919031484 283.5000326838029 nucleus 0