210.15048955305247 426.2855086211524 177.95200387059595 433.0865951118108 167.0154888210527 381.31510526337115 199.21347939300176 374.51407285855566 nucleus 0
431.56958137769834 546.5066850877928 468.79361875100585 577.9751246612387 438.88194403123634 613.3485356423168 401.6581975777808 581.88041027824 nucleus 0
458.0827934174158 538.4714238455294 484.9148125184729 532.8044536787958 492.6616238216957 569.4759406350198 465.8296183018683 575.1428670467568 nucleus 0
510.89075671479804 540.7698694987773 463.99907800449 531.8109147138806 476.9215058947884 464.19064225232836 523.8120059570065 473.1494810380169 nucleus 0
451.2585043510626 446.3651477924269 491.0283721832093 461.13944102959186 466.3398922666238 527.5850018435447 426.5701220489427 512.8108980115862 nucleus 0
373.86788473238994 480.893264048654 411.9723103940487 465.53370919011354 430.2534524614748 510.878121448954 392.149103533593 526.2375378251629 nucleus 0
402.82167631601624 413.34863380960303 429.409199182046 435.82728783318953 387.55563710670685 485.3236276978381 360.96833884228545 462.8452166238583 nucleus 0
441.52330404846 380.4739391892651 497.8702852263086 368.57206525565294 512.5131551780214 437.88762474684415 456.16621492888953 449.7893703689317 nucleus 0
474.15962065912026 333.51971807702887 480.5235712829017 368.20433435437684 424.09019540376903 378.55743827197057 417.72654367930954 343.8730861232761 nucleus 0
471.4476179067424 307.12832770227504 476.22048546007136 333.14177303144226 427.3604950763547 342.10551803561003 422.58780427429883 316.09222845234206 nucleus 0
413.2773515973531 324.5224320782307 417.6525407189911 348.36810161489416 366.32608029169205 357.78439357371207 361.95107039791765 333.9388825004496 nucleus 0
146.4738038325595 456.5639980343644 178.67212463643227 449.7632049702901 186.02384844984044 484.564323347652 153.82554079747933 491.36507405456723 nucleus 0
347.0262536797236 332.19545377257384 344.63989602918446 319.1887272112847 390.5695856942475 310.7625285985799 392.9559988818073 323.76918210930194 nucleus 0
264.3739341900073 319.39678048554276 274.2088359824993 294.92207400799845 331.03726098284824 317.7562147077153 321.20256863338 342.2307436784414 nucleus 0
252.91276419666247 293.4427199178755 259.2765488629084 328.12732397039144 199.39123472788197 339.11366207504113 193.02773188632273 304.4293067671988 nucleus 0
49.60042400001839 588.4282280000017 72.40780420703231 583.611541022596 82.90383078005107 633.2975693089534 60.096467752737226 638.1142007238831 nucleus 0
34.607859272218775 517.4574493946405 68.147910305197 510.37366855223434 77.70230146030372 555.6021116402904 44.16227037065255 562.6858273687235 nucleus 0
12.68897800000559 413.6995169999988 35.49621482467046 408.8822042962115 47.404809635991114 465.25482509440616 24.597586492454866 470.0720924932704 nucleus 0
94.89484873549372 407.5809011996504 101.65684105544642 444.4332958883652 49.8667577089509 453.934512166114 43.105118560852134 417.0824301560245 nucleus 0
210.59717651005485 198.5227285319853 233.1954592103284 217.63075996427062 195.82687486617942 261.8232469591047 173.22868082963396 242.7153104726315 nucleus 0
284.85969253037183 233.80382692955308 289.63243846344994 259.81727713614634 222.11593607906252 272.20378989292345 217.34338066351484 246.19050783089054 nucleus 0
231.81119397850125 497.95699599596173 193.5660264427861 498.0589899112904 193.47989032961777 465.6838217238089 231.72461583024415 465.5818283964238 nucleus 0
486.45868078499916 233.55675019895816 514.3743150330556 257.16064905113103 481.72537500031467 295.771477625149 453.80984976647596 272.1676963159477 nucleus 0
524.2157688819134 214.65178194398678 548.3643810014473 209.5505889115338 557.0984100057103 250.89515805571955 532.9498037614394 255.99633238471142 nucleus 0
0 182.284945 34.859361 182.284945 34.859361 239.00845699999996 0 239.00845699999996 nucleus 0
52.098329316140735 155.76683019390265 89.66279836116883 147.8314933194527 96.55889699475665 180.4757654250081 58.99443332607916 188.41108576700978 nucleus 0
0 58.673651 27.353153 58.673651 27.353153 106.784886 0 106.784886 nucleus 0
228.4882938418741 486.5559426096525 268.7362408876652 478.0551314859261 277.39446985673567 519.0409202529302 237.14654380382854 527.5416647438742 nucleus 0
246.3784594880417 451.8289688122426 283.9431656340457 443.8946972185454 292.6468273039791 485.09556487539436 255.08213921420975 493.02977828965453 nucleus 0
273.08811076210986 554.1495857164986 265.5303493024985 512.9617996656295 300.43489558884175 506.55831992785636 307.992878109726 547.7458183841427 nucleus 0
299.6998444656492 531.7507935827593 326.5318586281501 526.0837980227111 335.22034277615603 567.2128901867691 308.38834338093875 572.8798370811339 nucleus 0
334.7837961991172 538.6099017318406 369.6654129662056 531.2428232664217 377.0170924263948 566.043811193128 342.13549233187223 573.4108358003532 nucleus 0
351.4608616664191 582.3105010423545 374.202400046197 554.2558246225994 412.23592252899834 585.0787896020375 389.4947058026446 613.1331675348487 nucleus 0