411.93075255803706 538.7954801770431 433.73698010131193 513.981319610569 481.47451497447037 555.9231262531516 459.6686255829263 580.736965203591 nucleus 0
303.9268600336072 394.5513936381626 295.32283317137626 336.59705267074264 333.8563327094016 330.87690273571917 342.4606089173176 388.8309366318401 nucleus 0
294.95039174064004 283.75728186730333 322.34905356199306 277.6816302099885 333.92106441831857 329.86311504812846 306.52241480995144 335.93872957639826 nucleus 0
283.1964007130591 220.78417442071628 310.59503092728846 214.7083853364358 323.3781632540922 272.3511882163946 295.97954357122944 278.42694437598965 nucleus 0
247.7204369379615 230.84194705637742 241.57510304576135 189.4459603095982 285.95712575574 182.85755606488965 292.1025768256368 224.25339749683914 nucleus 0
88.63073406442709 192.40667407058208 81.66608584368078 145.49125009006784 123.12391498031502 139.33692705001152 130.08866264302924 186.25222730123468 nucleus 0
32.59298901408329 147.67582623456678 74.74466845073039 138.32825516630467 87.02176763290481 193.68918919367155 44.870099101026426 203.0367264426013 nucleus 0
8.247111890668748 177.0687872100443 36.91186416232085 175.73374557122895 39.18277649405354 224.49128557164798 10.51802450492687 225.82632241604813 nucleus 0
547.9512042467104 369.5608243488212 530.4974478860095 395.73536925904614 491.3045035787218 369.60315925092965 508.75822538204375 343.42878365965726 nucleus 0
485.9087931633985 292.05073886327546 511.04677290888503 270.6191330210691 561.313507533996 329.57500839970015 536.1757071276224 351.0064218983489 nucleus 0
576.3378953313077 196.547911729026 607.9516728518502 189.53731797990184 617.9060308862972 234.42435236972457 586.2922617215372 241.43492033513763 nucleus 0
600.752195505338 137.1308031604754 614.4514811158297 134.09283397430596 624.7460400000273 180.51387399999626 611.0467572681227 183.55183470327475 nucleus 0
479.1013954272057 171.27886630118428 494.3638789191755 153.90748564904885 530.7111459517182 185.84146368018165 515.4487212905951 203.21278848211887 nucleus 0
339.478211385358 364.8928965540617 373.1997102680907 357.41547342181275 387.16080249439983 420.3699885288272 353.4393261781952 427.84734125124515 nucleus 0
259.75478573433065 394.2687850476416 301.906712035634 384.92222158060747 316.3737808920996 450.1588122151419 274.2218869608041 459.5052774470944 nucleus 0