203.8829932792578 605.2956120993755 182.90083079635224 627.6431181718667 131.22548740058846 579.1372054210651 152.20735270406294 556.790047809979 nucleus 0
86.21790419070749 527.7216105786978 122.318923979401 518.0907990738932 133.9883801871474 561.824298487584 97.88739483432437 571.4550215871163 nucleus 0
168.21301151860098 522.1511040905215 150.81385824203608 553.115201781387 94.20365864971245 521.3111786972719 111.60282520999317 490.3474711923383 nucleus 0
65.88610480808711 513.756922035582 61.7820209346246 482.7270734587263 108.82970265985932 476.5054428978963 112.93401505157817 507.5350224861112 nucleus 0
107.20104427695333 454.1687924145111 111.01220872056729 482.9822914086162 59.78047252341639 489.75726005280416 55.96959700000298 460.9440229999697 nucleus 0
100.91675757394114 448.23437041673225 134.43898457975592 439.29098071673184 143.7388432910666 474.14400450964735 110.21663747320417 483.0873389336202 nucleus 0
112.10566251174896 417.43732778631147 116.50312780184322 450.6836429121043 62.85388530908676 457.77837551714805 58.45674415984831 424.53235336839606 nucleus 0
44.94107604441524 426.31966243961153 41.7165469093743 401.93901631261303 87.68715552105277 395.85973039072223 90.91183012642432 420.2402036473339 nucleus 0
143.93913731335488 392.93083157811674 147.45706085574056 419.5279388208793 89.9873927331646 427.12797256649753 86.4697293152858 400.5311008564757 nucleus 0
88.3435272758652 398.02811871546083 84.23961384505674 366.9982478118331 121.59225604729727 362.05862177886024 125.69630862104532 393.08832677567705 nucleus 0
138.14053368696477 450.0773448081989 134.6228569813684 423.48026300137434 193.6079772526864 415.6799244354027 197.1258686256624 442.2767518946621 nucleus 0
125.18469501294021 373.5534870233289 171.59994592671865 361.16977883002795 183.58249677927233 406.07663285899525 137.16727744948003 418.4602578964834 nucleus 0
179.972873554143 413.948605958299 194.20797942053468 388.61404686350176 242.44205856666667 415.7126299250193 228.20720290197642 441.0469730807852 nucleus 0
216.84140242665308 417.11775965392917 212.7374844046426 386.087861324726 264.0065818058065 379.3078780661224 268.11069975847204 410.33753911873794 nucleus 0
183.20101082303154 401.26994754573894 177.63146954908734 359.1579570388874 233.29721188769327 351.796598599174 238.867032107446 393.90825520474937 nucleus 0
227.41421150407405 373.0364380534965 218.6456106643891 341.5456526616418 267.54100541453226 327.9319385669715 276.30973349980195 359.4225150358956 nucleus 0
313.04957850930805 387.03550819016954 310.945736118083 417.9033541389722 262.12097505733254 414.57576214986886 264.2250256785337 383.70814224578385 nucleus 0
289.5099329882214 398.48700541568945 285.6992040087789 369.6734670189245 351.4609123564878 360.9769177448285 355.27186824219825 389.79018621683497 nucleus 0
301.4944313981687 367.5847233411439 296.8043870454858 332.1219729462326 340.4325232120027 326.35250545729286 345.12273693311727 361.8150556920865 nucleus 0
333.97971525613684 296.8478154166327 364.92313574221043 288.5917114104891 373.82062959179166 321.93675392464866 342.8772219297389 330.1928251236732 nucleus 0
333.97971525613684 296.8478154166327 364.92313574221043 288.5917114104891 373.82062959179166 321.93675392464866 342.8772219297389 330.1928251236732 nucleus 0
305.30162746428687 321.97769301323996 300.31849359351327 284.2985527167979 342.142902710184 278.767545796179 347.126185770976 316.44650939542163 nucleus 0
384.0717340941774 319.8897135756152 367.3372587454651 301.0880342992974 395.78668714268133 275.76827811293924 412.5211042456067 294.5698782086253 nucleus 0
379.1520389287325 281.41567028318883 371.2441860335821 295.4906805191621 339.112769711719 277.4390649188666 347.0206245971349 263.36410845535704 nucleus 0
406.22637591812236 232.17315178405528 427.4549599526654 249.67424019577706 406.168037380412 275.49370418055446 384.9395037787326 257.9926710214877 nucleus 0
391.6360570326651 280.99034169236296 358.86016677664884 273.0806039978781 369.96438538604707 227.07042862996033 402.73999547513085 234.9801311019698 nucleus 0
406.11144601236447 186.17942511863208 438.6617600925092 213.01464811779317 411.11068820791843 246.43202578058919 378.5604586991394 219.59689548772747 nucleus 0
386.20768962980947 182.30633005844277 399.8877612189244 209.5228347828898 354.4894971798203 232.34089206927266 340.80955031560734 205.1244938936129 nucleus 0
326.26668080287345 219.80842725601792 311.6776548712369 195.75601186180452 351.28245930747653 171.73433606915947 365.87148100290506 195.78667206986313 nucleus 0
379.0817519716802 136.5861556005099 348.4812709261314 165.86218772642354 319.2333482808317 135.29144511132444 349.83375937525125 106.015476043854 nucleus 0
322.63712165367906 112.20869506146913 316.77491381145956 67.88034463706808 352.97507048737316 63.093081804426376 358.83732291789784 107.42137903040657 nucleus 0
306.33715324045625 81.86119996120286 282.6952792138036 66.1582764207824 316.2166293525661 15.689619724288455 339.858467203303 31.39252723215848 nucleus 0
249.33909304381814 72.80864308188228 282.8609684183175 63.863979979343355 292.87642431489076 101.39868261623596 259.3545533341967 110.34333441438338 nucleus 0
5.162006050886703 68.12239320774836 27.7751175625599 66.4088839233865 30.298841850890312 99.71421666167089 7.685730512748705 101.42772418846957 nucleus 0
41.14774740010034 52.461636280913126 43.492649699910544 70.19297912327323 6.3172419017064385 75.10924833907508 3.972357134698541 57.377921768815796 nucleus 0
445.5788679870602 319.21281048036707 452.6143371125363 372.40689451236614 403.07361827610293 378.95823412028506 396.0385319640045 325.76449756546674 nucleus 0
464.0280599259859 297.6909660311725 507.8645676353335 285.9948144288262 518.684669363065 326.54514507316844 474.84818393895694 338.24123944094885 nucleus 0
516.0936050976306 424.989531945813 500.71258305295487 462.25781599362926 442.5690977117483 438.26432525152137 457.95025257022644 400.99641862525635 nucleus 0
574.4277792346111 455.2664362450125 564.5516361949558 475.12731638136336 513.2286350960203 449.6098072830607 523.1048106950038 429.7491209494102 nucleus 0
528.9052713047568 429.62624116228255 547.3052596217167 406.2991363982569 597.867056211835 446.17575240220435 579.4673330194928 469.5026122302472 nucleus 0
626.2366260041745 491.5223878461036 595.2927812445705 499.77778872191993 583.5786750732223 455.876420328257 614.5220476821851 447.62108607503956 nucleus 0
640.0001742516179 509.439488 614.6922861373605 509.439488 614.6924403931189 473.915905 640 473.915905 nucleus 0
141.30787000001874 639.9999999999742 141.30813725627377 618.380261743937 176.91887640401546 618.3806276224888 176.91878899924632 640.0001864199747 nucleus 0
184.20156348081946 623.7220660867878 197.6475777120504 599.7958488988537 255.2673650183715 632.1675433048692 241.82177851900633 656.0933918097369 nucleus 0