257.7626448945375 185.59565877501672 280.74140653625363 183.57959889251737 284.1767372877075 222.73384891991515 261.19797639716126 224.74990276760246 nucleus 0
440.2903761204652 99.68557015756471 463.4224031752092 106.59890246645676 442.9699017309031 175.0321307035725 419.83788524164993 168.11882347255732 nucleus 0
449.0867329831235 158.81479795664924 464.8209998783568 126.56181491803274 525.947987329273 156.3814276335772 510.2138717354683 188.6342815785106 nucleus 0
504.66524531111645 107.16713938809599 526.9005266302702 107.19164358712925 526.8470166259794 155.7464208774215 504.6117353057343 155.72191673672958 nucleus 0
526.9148552419938 115.9402650698358 568.9043952565407 143.4027196057535 552.199737162664 168.9433788353374 510.2102323568397 141.48096878450485 nucleus 0
616.4124526121304 162.00851685762896 619.2907093770918 188.01435426235435 593.4372706729482 190.87563139199267 590.5590623794706 164.86983836453913 nucleus 0
611.4551370037952 186.08139122269256 618.7665585338982 185.43991795315833 622.6552159999846 229.76094600000224 615.343794768196 230.4024170758584 nucleus 0
555.3636128379003 218.56568916437809 572.0754430734814 217.09948027145217 575.7520091768674 259.00322930036964 559.040179698568 260.4694326968012 nucleus 0
504.999027098238 316.3228683455945 521.7108654214098 314.8567183647025 525.8365979197697 361.87980381277185 509.1247607909463 363.3459450693356 nucleus 0
411.39862631571305 329.1706447058636 434.3773984165455 327.15469844362235 438.5073025413294 374.22525467464965 415.5285320162511 376.2411884883136 nucleus 0
391.17683983713505 381.53251717367107 413.0235749429994 370.3888786347173 441.32591117078846 425.86824283823023 419.4792455469724 437.01177734878024 nucleus 0
271.18652280507376 203.78641769928316 294.1543003178231 195.40206415196877 310.78055446210783 240.94582769529143 287.81279396287573 249.33014769679988 nucleus 0
423.10513031014125 383.5495392300443 449.3451490451116 375.0379231392821 473.3462405020691 449.02058261547944 447.1062683954369 457.5320963089411 nucleus 0
570.6525584508199 417.1543005675652 573.8190774040413 445.7607077954525 542.0738635384623 449.2740236547269 538.9075057196897 420.66776429061406 nucleus 0
621.993173945084 523.0979684991867 607.4271346271416 522.589406378563 608.6121755718341 488.65673012715604 623.1780289999733 489.1652890000001 nucleus 0
573.8396726964856 477.1318569039727 603.0854119468131 474.5663399455355 607.6644868461881 526.7562269107477 578.4187510035554 529.3217187626876 nucleus 0
565.6168386184436 541.2887763889235 540.1198664663389 553.0478891769429 518.0143079594563 505.12628749604283 543.5108336311532 493.3672944342414 nucleus 0
619.4232071669103 596.694522371249 594.0161399097997 595.8075064303067 595.2394202039432 560.7831487943907 620.6461029999627 561.6701579999989 nucleus 0
558.8831924763508 617.2057469973738 556.4362528551283 595.1007447559275 585.5052764301217 591.883762169988 587.9523424348736 613.9886191272013 nucleus 0
511.8235170702974 5.95559995482411 511.52888682030607 31.27646716809953 479.54565793901565 30.90430817265483 479.8402940000233 5.583446999995765 nucleus 0
296.75402709552145 188.45071383826667 334.6801082179445 163.42883506965904 355.3712901248946 194.79004470225647 317.4452631460008 219.811856218079 nucleus 0
460.48739710167865 44.8293568804176 489.7827276962198 49.17163584622982 481.5720108151436 104.56530876317414 452.27668161729525 100.22303654189635 nucleus 0
444.6613916210481 34.72219601804023 470.39682388145593 51.554158398763725 446.6027905150986 87.93422029100245 420.86737157194875 71.10227464512664 nucleus 0
437.38056557842356 26.509013220282107 440.25874620834657 52.51483921733136 396.24134036144824 57.38641253208896 393.363179306034 31.38060497317177 nucleus 0
395.72995775248273 102.60167319603872 368.57321148090705 104.98434944340195 364.8925172066083 63.03317951515318 392.04919190226065 60.6505064708861 nucleus 0
322.22935766789305 35.40580082332219 329.65222240629373 4.363932127426658 385.2111683552357 17.649418515648748 377.7883243247925 48.69126877240964 nucleus 0
300.7260309996491 51.46813260449672 344.59456507785944 47.61918655016248 348.24198933667503 89.19074153453964 304.37345582839043 93.03968337042599 nucleus 0
258.481722672077 20.790640370378142 282.79911181925854 22.06870015998617 279.95393400473404 76.20325585110763 255.63654501624114 74.92519728983004 nucleus 0
230.8345212146378 22.636687719446115 260.08021190733416 20.070715676037302 264.2184366008587 67.23611803238644 234.97274625129648 69.8020880527619 nucleus 0
266.6551984359103 98.93770297590648 246.49897416129534 118.5609503137931 204.72357924023527 75.65111569948074 224.87976342941693 56.02790591111546 nucleus 0
182.5194225244195 50.53658516707713 207.87561299541267 42.5901831192737 225.65807242346636 99.33207386964688 200.30188794051355 107.2784624521694 nucleus 0
312.68018449547526 241.09903701188014 332.8368805402715 221.47622301687036 369.9851692791708 259.63354425904197 349.82857039045484 279.2562603986125 nucleus 0
160.65595466992818 82.57442580044214 180.81217276987445 62.95120489967967 204.97824237987516 87.77355047720276 184.82204515828926 107.39675016060333 nucleus 0
175.18917496519862 125.56053098850128 197.97355775859614 118.85832697992491 211.8350817283499 165.98040764462888 189.0507063089899 172.68259393467773 nucleus 0
200.40332343305636 208.04990431882044 204.43293056319817 244.45807654638446 181.32269026529684 247.01572702957128 177.29316140437732 210.60762656397077 nucleus 0
196.88589376142772 269.46267717224237 227.96173353410268 263.5649825259083 237.48967827646993 313.76613238707455 206.41384754933824 319.66379425801824 nucleus 0
5.016104366368381 82.25782470929545 0.12323310715146363 38.047916494264726 41.70136253909732 33.44632437527888 46.59426855658239 77.65619299992474 nucleus 0
49.23141021754418 103.79297544228288 32.16093007642485 123.7956829937319 -1.588112380268285 94.994140813612 15.482346123244497 74.99146622451563 nucleus 0
0 100.447855 23.339475 100.447855 23.339475 143.084702 0 143.084702 nucleus 0
0 347.36294499999997 22.823482999999996 347.36294499999997 22.823482999999996 400.42827 0 400.42827 nucleus 0
27.555693972535664 368.92373420063177 58.89039222471183 366.17478902512806 63.253188753296854 415.89995593387266 31.918493167395354 418.6488810407134 nucleus 0
361.9279757278855 241.05349440690026 336.1922244569723 224.2218758144723 368.08029802799865 175.4663955157584 393.8158741544612 192.29793662663457 nucleus 0
0.6108823328395374 459.18365063427177 -3.131172380381031 425.3760582371957 29.578664569417015 421.7560175872157 33.320878124504816 455.56342840619436 nucleus 0
16.790106414991897 448.68962367530764 47.661485086428 450.87921350404594 43.86623301412328 504.3802535579804 12.994856568693649 502.19068456031584 nucleus 0
384.39570476213703 122.54544342675274 409.15355504883337 125.9437862091989 400.47688630220364 189.15461253705593 375.71903830146766 185.75628233923538 nucleus 0
373.04782546336355 251.953388885979 396.02659276315535 249.93737717522225 401.0548134319106 307.2465474951968 378.0760476825526 309.2625471636986 nucleus 0
415.3340852297697 274.7152713478557 392.3072765311372 259.6555114145558 427.2378405289055 206.24825927480725 450.2644548675016 221.30793311899228 nucleus 0
417.59776159953617 241.48967756039625 397.583840964071 234.03893752329753 420.8267715659895 171.6069562683776 440.84050380814006 179.05765719766887 nucleus 0