228.34856803317962 187.8745887114003 269.93547366102575 180.60795651893403 278.638076711577 230.41141738770676 237.05117840261664 237.67802093845518 nucleus 0
36.429245219624136 536.651977947897 74.55297561376938 538.106441833901 72.36389643592702 595.4722116293682 34.240167102834675 594.0177653208947 nucleus 0
48.748492829254246 635.491627235508 46.09300818934571 584.8219813436638 104.30908406269737 581.7717601062188 106.96519829602039 632.4407396419748 nucleus 0
391.3218072633026 258.86779623422865 374.427070368547 290.21334693065523 322.94542255018314 262.4668366793329 339.84017252769263 231.12146713849432 nucleus 0
241.35787287268613 338.18040239265054 239.10601756273536 311.07738444772485 290.66217645166034 306.79407277028866 292.91418428074394 333.896923604573 nucleus 0
258.0988452475867 376.94734220114526 278.093213672837 331.09094323736974 324.3282567356073 351.24856176149956 304.3342573651171 397.1046477535426 nucleus 0
593.2492999749229 183.2422499279079 611.2702870790963 180.09336498618495 615.4223293816904 203.85475373552214 597.4013437460235 207.00363316685664 nucleus 0
216.65792750871333 248.35087603672036 226.98512994043995 285.2950486097361 158.88346256877412 304.33042714043575 148.55657359556062 267.3865235210443 nucleus 0
292.7830106325564 472.14127956932145 321.5910735868965 488.0688553518347 292.6571881843847 540.3913275227832 263.84925183643645 524.4639305404879 nucleus 0
317.4355762140476 483.6294510901817 296.8273608677555 462.11157036356985 341.4704750409146 419.36241947934184 362.07849226455437 440.88007850678093 nucleus 0
134.34918643273704 173.15640403176388 178.7085483044939 165.40530942556921 186.78915261836664 211.64927918750226 142.42979739705333 219.400347737024 nucleus 0
440.88828143016144 355.2883241438378 424.4647823354899 392.9561968407651 359.6729714633693 364.70880193353474 376.096578327124 327.0412883999662 nucleus 0
476.83991266247176 230.94589190195597 469.38167433261697 204.26396452941373 529.9261350814777 187.34080620407238 537.3844531740178 214.02260333498205 nucleus 0
203.86210666700208 129.49665377111776 237.131613747988 123.68326062271822 245.09690800703538 169.2672074396146 211.82740500713408 175.08058553210503 nucleus 0
272.5056131716701 97.21204794710106 319.63740798113577 88.97636869947954 329.0773264023301 142.9993874815349 281.9455368729541 151.23504660689483 nucleus 0
364.8669419351063 -5.091597014813999e-7 364.86694225488463 12.39097602282715 335.5179684983159 12.390975450325236 335.5179689999932 -5.459620895399718e-12 nucleus 0
6.840788862537011 514.4216992758684 35.95187341037672 509.3359791059484 44.84799793535785 560.2475038199111 15.736926577883423 565.3331714971207 nucleus 0