249.86759506929957 632.6905769834497 224.63073802799045 608.281786254592 267.9219594762253 563.5342282684139 293.1584482247854 587.9426789445358 nucleus 0
347.76652600208763 373.73151192839265 387.9042971102899 377.47961998977365 382.40689384707366 436.3432808239134 342.2691275629768 432.5952061658704 nucleus 0
350.49532550496224 320.42809720355734 379.4837068493507 323.13514605451473 374.51665644046443 376.32002900283817 345.5282776914828 373.61299897127304 nucleus 0
354.2656648169941 255.9723615148528 383.25403946502774 258.6794961478286 377.77339080632373 317.36361536823983 348.7850185712887 314.6564977288616 nucleus 0
422.4341623819055 225.98475389361323 418.2789279361896 267.8782249650943 373.6571624671342 263.45240647680606 377.8125488130172 221.55910573558117 nucleus 0
537.7565131130541 169.84413853276374 580.1241204567486 173.80084038889447 575.6814271787152 221.37105920920328 533.3138219980901 217.4143711230214 nucleus 0
585.0795120757539 168.91007591938316 629.6769933503674 173.07501357623028 624.4525570487895 229.01587637368527 579.8550782867096 224.85095604506927 nucleus 0
635.128933596352 227.90334020007566 629.8248646949651 227.77989088533448 630.3677705590235 204.4549128975751 635.6718194833229 204.57836197904976 nucleus 0
129.49219894311682 3.767833201594973 128.68367850278446 31.555091931371674 70.61997291988519 29.86560864875419 71.42850278869446 2.0783589731183776 nucleus 0
169.1404266281461 394.1918288929426 189.5301540203218 420.55536864040107 153.08653155341744 448.7371680923551 132.69701169112523 422.3738183079172 nucleus 0
141.91815858517657 403.2242596805242 113.19142213375017 383.0381503624421 156.80261975270696 320.9818725496456 185.52894026019203 341.1677752580023 nucleus 0
47.10871115952614 245.2624150855077 80.55682858168439 248.38604149569215 76.38230576878414 293.0849424579352 42.93419024812465 289.96133006205434 nucleus 0
4.411181423420203 184.6265251153889 47.893733777455054 188.6873109207484 43.19486702363065 239.00079235787643 -0.28768336844223086 234.94002260830823 nucleus 0
11.98447251583275 103.53529237918463 44.317642580354004 106.55491790003754 40.40171313994506 148.48495237349658 8.068544074631063 145.4653328470011 nucleus 0
158.76116366314818 201.72084959799167 176.42484570707893 218.8089428198866 143.50349873122468 252.83784272336936 125.83988459489774 235.74981789926665 nucleus 0
308.9722882692149 403.766961851889 344.65031102387 407.0985462410067 338.6417205110047 471.43576821299774 302.9637028667639 468.104218983793 nucleus 0
385.41010857945366 428.27069658513045 430.00765129952924 432.4351023705151 423.72850030238624 499.6694902179768 379.1309641308908 495.5051328755151 nucleus 0