184.81225462659495 72.86059814077869 155.13226978233433 68.70423769654961 160.62907139355957 29.4525857609051 190.30900930971256 33.60894275206776 nucleus 0
89.99521602534514 183.68917204100353 68.70317764682113 162.98154503407397 96.5247379491484 134.37540578312496 117.81672381250246 155.08298345064998 nucleus 0
90.35511800007953 179.92363400231295 76.22923602786614 206.03234760785352 27.096087787140277 179.44984131278576 41.22197641110688 153.34122653478136 nucleus 0
140.7034677486081 93.15763170936931 173.08161159708106 97.69181080552252 168.1908464008302 132.61598585619973 135.81270385468088 128.08181349085226 nucleus 0
133.41886463487754 199.95901424502645 132.07967102898692 171.65030526590212 179.40277677524136 169.411636431644 180.74205773198628 197.7202522153615 nucleus 0
154.65334696491482 156.26692481081375 178.15193968934182 133.33713866853336 210.1088740231353 166.08624673459306 186.6103441260202 189.01596966477024 nucleus 0
222.4040402979881 191.61762209992034 201.75796073919628 169.43272046659544 235.9937823493965 137.57231639137478 256.6398073601158 159.75715311653198 nucleus 0
202.44804733032652 144.48735540150682 205.5911697702686 116.27012014850465 257.4264412820048 122.04396912031177 254.28339895865065 150.26113003067582 nucleus 0
257.74996739870403 121.73211726297608 290.12811397362384 126.26627533029391 285.58299339209043 158.72224448940585 253.20484841598955 154.18809419968295 nucleus 0
306.4014433466218 169.64001204285952 282.1034287474322 160.28933388398917 300.65748645705753 112.0770274887314 324.9553818687127 121.427679923439 nucleus 0
280.4576324726804 130.19825856947426 270.73137747880537 105.3801889952801 310.1528546711779 89.93095305837033 319.8791272503149 114.7489804611282 nucleus 0
172.614664546345 38.589674051106584 149.1163180956937 61.51964949682272 120.92762743275671 32.63224987300734 144.42596258195408 9.702284826913544 nucleus 0
273.84754512502695 46.07210816054781 311.6220411042741 51.36201489195702 306.12525769422064 90.61366422388258 268.3507631789689 85.32376284465323 nucleus 0
343.1489227782731 -0.0000024742445380396136 343.14892857575614 34.012726780051395 292.85656052365084 34.012721597652444 292.85656620617374 0.000005042166982816949 nucleus 0
362.7752504588716 30.73470047884454 384.076267682467 56.402668781729204 342.5676310104609 90.8492186229401 321.2666477977473 65.18128167176627 nucleus 0
404.59964925314125 13.180636497781462 401.45661946735345 41.397826803425055 352.636291307208 35.95986007783163 355.7793318077893 7.742682827127546 nucleus 0
376.3999909786071 130.40046415575495 369.2263540086424 94.38947259967792 416.77222023346985 84.91807537517695 423.9459092724428 120.92899737824523 nucleus 0
448.9759105475241 68.66567846432973 445.34934556861117 101.22399808195347 385.81611805566354 94.59273402483402 389.44273407847504 62.03447148494298 nucleus 0
485.2073483534332 95.3330989612289 476.8319364691706 71.03797875718034 531.379145096289 52.2336183642454 539.7545765765244 76.52870188139248 nucleus 0
531.0839709997526 84.47994463351883 542.0288177106704 106.06750554924943 500.58720700937556 127.07808026136468 489.642406117855 105.49055845538251 nucleus 0
563.03365750995 56.83590650918462 578.0616883061157 81.14409444614977 540.6438576235087 104.27673946700664 525.6158639075875 79.96858392165234 nucleus 0
301.0579849728674 185.73354748606152 336.13432316131366 190.64547081424 330.6695188473532 229.6687431657986 295.59318369858374 224.75683484783414 nucleus 0
145.49594700001762 -0.0000013985835945682708 145.49594797943428 17.520820235302928 109.56459787870699 17.520819124108385 109.56459903165523 1.3868262030685788e-8 nucleus 0
314.69240776103106 219.90526474378595 330.11110693303635 239.71628409663828 298.31307303495123 264.46317902388967 282.89445174028515 244.65223120042418 nucleus 0
265.5036186360667 223.52544084967275 292.48542214976624 227.30381401849345 287.3129496599722 264.2394568196328 260.33114902384114 260.461096433177 nucleus 0
201.5520359632501 269.64407203368324 205.6624298440147 232.74461355188248 246.96840900942334 237.34566478794935 242.85817315874738 274.2449778550018 nucleus 0
211.07758918769832 250.88092082351025 185.73136985389283 269.21212266193595 167.2853325048345 243.70818288394548 192.63145079894457 225.3770335972629 nucleus 0
147.85417229490122 218.90155701616186 180.2323392800463 223.43559407933284 175.3096062574332 258.5880358474055 142.93144231072802 254.05401308347746 nucleus 0
60.82571375860425 211.71435065780057 93.20387965155533 216.24839598033304 87.72842056394438 255.3477707353558 55.35025780329306 250.81374094467546 nucleus 0
147.76406848694023 272.9193461221393 125.50184925472422 294.6419353166103 97.56573879720236 266.0132527899932 119.82786623957509 244.29074967646062 nucleus 0
200.860340829895 289.3442765958923 197.23362282929884 321.902656678156 145.52073870945605 316.1424493182053 149.1476226891973 283.58425968935796 nucleus 0
206.99327374371933 353.94396539557783 195.4136928938533 324.39886629055013 243.81769303312467 305.429447676324 255.39734786041663 334.97435682446496 nucleus 0
146.96275443566265 384.4250539124485 150.5899525044515 351.8666542605355 202.18010708777 357.6134457902622 198.55316330795176 390.17161370231076 nucleus 0
214.495976866383 519.3616799644498 182.6678244339564 467.8879637705756 211.59907014705823 450.0018775173816 243.42719276646676 501.4752795868608 nucleus 0
156.72416135159438 427.2643959598488 152.85543013764254 461.9933494115544 104.09620287544385 456.56215961117647 107.9651776891842 421.8334871105634 nucleus 0
0 409.807463 9.845468 409.807463 9.845468 436.232707 0 436.232707 nucleus 0
132.64630708217737 30.97486589158879 110.07176934479503 48.47104444111111 83.75005813970347 14.50932128819906 106.32458354288246 -2.9868499167280484 nucleus 0
36.83699023698864 32.08522132042662 29.696917303663213 30.410989705390392 37.220386323024286 -1.6742313597804999 44.3604570000025 3.705346203904997e-12 nucleus 0
100.22878818170284 101.8326478196314 79.01277015262167 67.51522621189021 106.66856012117933 50.41769662812978 127.88457646063762 84.73508888885505 nucleus 0
63.244832023847266 117.026234022198 83.03303856686398 97.71686753861357 116.31920210631506 131.82812464544543 96.53103823235142 151.13744816681123 nucleus 0
78.56048926507356 119.70038164655875 74.20859048273996 158.770374196525 42.00866999446589 155.18370906842654 46.360625089218956 116.11378126046526 nucleus 0