457.28809799999 631.2368370000218 456.801194963482 603.3257349261628 501.29143367128563 602.5496614187856 501.7786161679396 630.4604815682903 nucleus 0
611.4454511841905 260.388652891474 606.262210928835 309.1745362957001 562.9201316404215 304.56974871703005 568.1035679773777 255.78408920408964 nucleus 0
627.3081114760862 181.90222506395597 622.988840088583 222.55709767442238 578.0352841151034 217.78113388812676 582.3546757455188 177.12639890165633 nucleus 0
588.4603934201004 169.55225099747634 585.6528723673546 195.9779174066904 540.1545924862148 191.14408875413756 542.962184631615 164.71850313413734 nucleus 0
550.7544665428577 155.26786563958402 547.9469507921749 181.69354528804914 507.10403434815817 177.35431760044526 509.91160876044887 150.92870438211241 nucleus 0
439.7582794756454 184.58921695507092 442.99783846166974 154.09803931081015 493.49424553911376 159.46292709709027 490.2547943413083 189.95400581869345 nucleus 0
372.79568666745035 206.90187592783604 364.98015857891005 178.52959746614266 412.5747447503818 165.41933083666166 420.39033283399476 193.7915122714347 nucleus 0
300.7164810458926 192.42972143280252 304.60398061615706 155.84029787629046 362.08340062672505 161.94713068941104 358.19605372707883 198.53641244680378 nucleus 0
245.6581035751151 128.3827732003161 273.4729002779204 117.2149542631887 293.31794224854093 166.64071741058265 265.50316331929935 177.80850401296564 nucleus 0
263.3024894472328 61.89397117494601 282.97630799432227 65.67721407727484 277.04577936950955 96.51732475224475 257.37196176582074 92.73408534672907 nucleus 0
298.3916382334428 10.605029142766538 320.4758367233444 21.016489213645457 298.16753492792486 68.33554029542125 276.0833414131048 57.9240879826113 nucleus 0
506.84794519343995 563.7957961093848 502.74390783626586 602.4180242891114 455.4320151508 597.3914950880402 459.53640064937645 558.7696659070489 nucleus 0
322.0170480240631 -4.729073764066192 346.60931670274294 1.3514113230444853e-7 340.42716028896393 32.14862731539732 315.8348918682168 27.419554198268212 nucleus 0
248.9257010982692 72.04722360808904 224.8185899946111 56.77173188247859 262.6233152142231 -2.8899081382679377 286.73038879911473 12.385567226639742 nucleus 0
257.5955849296588 222.37366000444328 229.03091910317016 239.0395697727953 203.73570243595168 195.68590574489667 232.30019296017417 179.0200611294367 nucleus 0
162.97073100002308 -0.0000014600179463912478 162.97073232140974 17.128453096715532 117.80424125819991 17.128451942129693 117.8042424999876 1.2912660400946722e-8 nucleus 0
118.56010684416106 2.4551890165517625 115.53665173974878 30.91357046593851 62.026768507494126 25.228601041129494 65.05023026707931 -3.229771374981249 nucleus 0
77.04141667949443 67.93747002360028 72.50622567466053 110.62508445558846 18.003912100029993 104.83463450810603 22.53916884888895 62.14709536575662 nucleus 0
106.28988681513874 95.96994787058433 138.25984768591297 102.11768972761861 132.32931911035848 132.95779085113372 100.35936074418714 126.81005722427692 nucleus 0
31.58835607842775 139.63733115980628 68.47678324767912 146.73082255699725 63.40080230991589 173.1270748861022 26.512378272018395 166.03359459300935 nucleus 0
126.62493907017051 200.65770384880767 121.65780438524962 247.41089603540317 63.22191112776636 241.20254257489265 68.1892440385127 194.44957363708667 nucleus 0
29.33664774915087 330.14438753679315 15.13719141294132 306.711866330691 50.84320617359481 285.07654855659547 65.04265503361239 308.50895765692115 nucleus 0
533.6068626899942 562.0720303977222 492.46166779230407 573.9479687126664 477.6249944375013 522.5549343616016 518.7693539358588 510.6791242694103 nucleus 0
11.809915061385254 333.89414741025234 43.26979732599284 334.35971525973633 42.688293713581515 373.6501765251335 11.228411502670497 373.184611084402 nucleus 0
0 269.43241 16.861036 269.43241 16.861036 286.637064 0 286.637064 nucleus 0
0 289.989267 16.261008 289.989267 16.261008 318.869517 0 318.869517 nucleus 0
-2.3240154944505775 604.2623120727699 1.1324702972342493 571.7383629927538 43.74440201529069 576.2657337471846 40.28824925298977 608.7893776916435 nucleus 0
561.509919267628 493.5429114886426 557.8380282134458 528.0995967205885 517.3379902678425 523.7967475535395 521.0101146683155 489.2403291087152 nucleus 0
466.10308083327254 461.8822042830925 502.24739460834826 440.7969388386851 528.4059969567897 485.6307856200377 492.26182529317157 506.7158580300983 nucleus 0
512.6484617351525 383.1344647037483 549.5370456555247 390.2272370949186 540.3080566137942 438.2200867044036 503.4194878553535 431.127367280148 nucleus 0
499.0922249061259 431.2128380330781 470.8593449534965 428.9945450098427 474.5706907778367 381.7678606271639 502.8031688329065 383.9861378017513 nucleus 0
592.0582884353644 348.22940463681056 569.5103078341344 331.84205486547876 594.0036838673404 298.1434752877386 616.5515081183548 314.5307428421101 nucleus 0
557.8788402617647 298.2114335874697 576.0227200811642 328.15295340012193 525.241741778882 358.92234926325887 507.0981117820338 328.98104686379565 nucleus 0