444.2463387337193 -7.616358428724715 472.10890054346237 1.0386003548155789 460.25311540557595 39.20544635806432 432.39055432881287 30.55048977386153 nucleus 0
441.7723382006079 -0.0000022766351828074315 441.7723422094423 29.923641927800876 402.5045151046652 29.92363913260985 402.5045180400775 0.000001802176437149627 nucleus 0
387.1068950524932 19.16521375085181 378.90053782793984 7.073538484200799 405.75961763875966 -11.155134303625653 413.96597411032417 0.9365396018268646 nucleus 0
303.9536977578973 -0.0000010596577142322574 303.9536988614418 21.403344368991686 275.7061210973916 21.403343072169957 275.70612242867355 3.3406860878896276e-7 nucleus 0
246.94390591728734 27.532069637093745 260.38466125486593 82.53173282658537 224.90577810342074 91.20195697373995 211.46507404220756 36.202338026601765 nucleus 0
122.99210601922823 158.58304261098579 99.55952878342941 134.39099334761184 141.07958161912393 94.17495520188822 164.51209631050006 118.36693681420113 nucleus 0
122.33334290402126 72.24234152012812 149.29920780676184 88.79950445910492 126.06237786225392 126.64392736321233 99.0965334878274 110.08679176896018 nucleus 0
522.0743562029384 318.49142726786164 547.9811387728114 293.92324951709793 586.6481977384683 334.69406351972543 560.7415790122468 359.26207413107926 nucleus 0
114.81521566718584 81.06440469626966 110.14347330230521 45.18379906867309 154.9353869969491 39.35179167979642 159.60715952714963 75.2323614649203 nucleus 0
66.85457179541118 47.160981814571066 94.76436834338529 42.65098124137927 101.21661316952668 82.58010747447322 73.30681750718213 87.09010371367553 nucleus 0
69.36264277166629 80.40463943612339 100.06342235865304 75.44365655449529 106.4797500288114 115.15051529528316 75.77897223040054 120.11149094761984 nucleus 0
0.000003964451025240123 316.53340322177553 -7.237663060441264 286.918207891747 40.27841268463817 275.3064106696585 47.516187483415706 304.92144952065763 nucleus 0
130.033406495495 412.7733165782247 164.64210852638644 388.7100898308887 197.452057291448 435.89270456353256 162.84353778137302 459.955712320114 nucleus 0
70.71531864807184 443.2292892969627 106.99823570685112 437.36724073807557 119.57940077882085 515.2251259241318 83.29650305720861 521.087091962181 nucleus 0
0 411.92846700000007 12.224450000000001 411.92846700000007 12.224450000000001 462.92464 0 462.92464 nucleus 0
14.567979539351654 550.5938582261606 4.227105822865269 508.2866904949464 61.013865063287085 494.409350461718 71.35506099781196 536.7160400872565 nucleus 0
519.1566016471916 314.4011508829085 552.0868138087826 342.4038531003871 518.2697590887983 382.16779784312104 485.33972174649534 354.16528408894686 nucleus 0
478.66446165702655 331.68350109114056 461.44318106918945 293.7900353037001 530.9909489111305 262.18505840069605 548.2123107017833 300.07819425463924 nucleus 0
565.4798015467532 13.658532842126142 578.0392096449941 11.62902689576921 583.6149060000025 46.13368599999987 571.0554981323367 48.163191158004686 nucleus 0
545.1457973993092 29.60517307007139 580.0330418720114 23.967661333691062 588.1451600405126 74.16872083186621 553.2579173898557 79.80622712341942 nucleus 0
542.8910501553037 14.216576218820444 547.21797664919 44.211911027003346 480.12430995120667 53.89034807539504 475.79741235575057 23.89504026063161 nucleus 0
463.5387030678248 38.02813903388481 452.6850462202856 11.641709858831595 512.1742458332301 -12.828263476323773 523.0279021874594 13.558150458063613 nucleus 0