212.03261749607918 53.99713425878591 236.79197366465814 26.51960265031959 276.39895783460815 62.208463963514205 251.63963567698374 89.68596332911133 nucleus 0
3.1417465998674743 263.82299345237266 27.171242338590673 265.5004650994195 24.453551962433266 304.42865173473257 0.4240569999819854 302.751186999998 nucleus 0
499.7741119967395 268.8372153803222 501.2009934792877 238.255758733248 552.2943441649841 240.63953769801057 550.8676169984392 271.2208461255305 nucleus 0
466.96635761611105 163.65290173499844 484.3732064162032 187.93072922922255 434.1540354445169 223.93601539076724 416.74730741426174 199.6582960933394 nucleus 0
486.065550491694 132.8992140838417 515.5439979871153 105.71295076192226 547.1886921372061 140.0253317032633 517.7103072903992 167.21153019210692 nucleus 0
589.8448410315905 42.89415897251354 588.5079776481143 11.364777166152917 638.0598043730424 9.263750855420321 639.3966825027746 40.79311569616703 nucleus 0
377.04036372568225 423.9089198275005 412.4522604372032 426.3807807975611 409.7304888827057 465.3672765671048 374.3185938573879 462.89543155838487 nucleus 0
415.629094455071 380.87596280079623 451.0409871929005 383.3478896377212 448.45731793197046 420.3562217233642 413.0454265927983 417.8843085616132 nucleus 0
619.0324456745293 626.5115163295663 580.2576413761562 625.5932631993367 581.5439316730044 571.307532293723 620.3178049975395 572.2257744479256 nucleus 0
591.293700297465 563.2402897131517 592.81597943831 530.6200579241715 624.696273895388 532.1074711141558 623.1742156909604 564.7274916364041 nucleus 0
570.5483540801652 578.2990214339184 541.5625551853009 604.5260381121586 513.429652231498 573.4412553461411 542.415156632851 547.2144735002888 nucleus 0
177.48979071904614 -0.0000033298606585470044 177.48979286181566 22.096645208119774 126.53551182040246 22.09664258799348 126.53551450370287 7.342373695682822e-8 nucleus 0
609.8485049195006 456.1264122231706 629.0642235273845 477.58418305718874 590.8177219177742 511.8282163292579 571.6022094179789 490.3706435290303 nucleus 0
159.12862053861318 514.385800135679 143.39670984089025 487.967158246212 186.13094540676684 462.52406578753994 201.8628459124011 488.94246900491873 nucleus 0
0 578.562551 9.867497 578.562551 9.867497 602.921845 0 602.921845 nucleus 0
21.06768557569012 604.0636374959947 20.35421594940999 619.354383871043 -0.7135391952760983 618.3715480898418 0 603.0808749999954 nucleus 0
24.618960987063474 556.9139523789307 49.91318625798158 558.6793860957309 47.62611691214261 591.4394068738309 22.331892875008634 589.6739855285329 nucleus 0
129.540235765744 37.416207650557226 162.3693405299855 21.29101271266302 183.74365789291915 64.80669221942078 150.9145633316075 80.93187200871446 nucleus 0
167.05790964369953 89.45157137378659 182.72843018596177 63.55850327038561 228.53183959130547 91.27864809533725 212.86137381277513 117.17166851931137 nucleus 0
205.6630208560091 111.71213316340396 238.5454745664174 114.0077302587057 235.26721231261035 160.9654106570704 202.3847591697995 158.669819056511 nucleus 0
189.49261368819862 171.96406988248825 236.3272022495221 160.8299456750058 245.82683019187243 200.78825194012555 198.99225237648352 211.92234458422686 nucleus 0
179.7107067930483 228.59664739368074 217.65200993693725 231.2453278987881 214.90985566684685 270.52384751986733 176.96855353693536 267.87517668527266 nucleus 0
67.63259400002426 221.2506373568683 120.02256013460283 234.32644878608346 110.28922991514264 273.322549735973 57.899281723366585 260.2467868651228 nucleus 0
51.052053438761504 205.0568297243952 77.09676531769219 223.61277198558133 50.29937712235551 261.2234299917214 24.25472768882173 242.66756186370034 nucleus 0