599.7571775785764 486.84653520584584 580.8463861291239 483.44312597374267 590.6820743735443 428.8015881020157 609.5925159353646 432.20496502880485 nucleus 0
285.5020073497144 393.0923290460391 275.85906874912325 373.06557049538065 306.51257085381076 358.30737382752534 316.1555292823323 378.33403683384176 nucleus 0
426.75803619102226 163.52699939582885 456.6168210313481 168.90143173371553 451.03251493499556 199.92546620007937 421.17373321947525 194.55104535442155 nucleus 0
444.32293390062114 107.14296995708918 466.42746727629856 120.31374403048717 436.60816661518766 170.3588013263319 414.503663021751 157.1880670370843 nucleus 0
435.04788716287294 48.96920687131134 462.9160670468991 53.98544472750059 452.56159971460875 111.51041565455986 424.69342203788983 106.49418644916773 nucleus 0
481.6502158505318 76.81274683096932 459.5457614384213 63.641854592526826 493.6286944639869 6.4412698248111555 515.7331099514704 19.612146697047898 nucleus 0
461.5928174564033 -7.166069940405368 501.4044979999744 1.5187148603988292e-12 492.7202723381197 48.245905661890404 452.90859179272957 41.07983858668114 nucleus 0
227.69738299997698 -9.71731231360955e-8 227.69738315990253 7.24447796227825 199.83236788233626 7.2444778765505085 199.8323679999885 -2.6241563968749927e-11 nucleus 0
139.71071300002222 -6.759040535901156e-7 139.710713672539 14.563251969291631 104.59035330044571 14.563251254858914 104.59035400002904 3.2632491031815685e-11 nucleus 0
577.241913523103 240.873848656305 617.053671567628 248.0395527977651 603.8930731796427 321.1540960117299 564.0813299096044 313.9884474144845 nucleus 0
526.3450975742307 319.9937439251635 549.7346568773355 363.3993339481321 489.81410366301134 395.684592236637 466.4250007389637 352.27939410308227 nucleus 0
487.7087325978937 407.1849644330667 529.5112084275024 414.708304394157 519.5639348603436 469.9712941211323 477.7614775904658 462.44802314745937 nucleus 0
415.8009449348174 471.20767951168233 398.49083688000974 438.45715465271985 457.4195592259639 407.31514584814533 474.72970729868393 440.06531484697814 nucleus 0
485.79367546415597 374.2529198203544 442.30799945420586 398.62414031246215 405.69624126976123 333.30318209307563 449.18122476534336 308.93220523852966 nucleus 0
330.5480448506569 466.85381943226645 333.9365817717771 433.14824386368684 384.19800540948927 438.20039830841495 380.809780228592 471.90568566221896 nucleus 0
375.40274263723404 288.99522622891175 407.25216721955803 294.7276849778819 397.36075897737464 349.6801055899117 365.511344427141 343.94768481379936 nucleus 0