350.8963889195729 275.90706816413865 379.40682859160006 270.0854180949092 390.75974559214956 325.68066421663985 362.24931698001456 331.5022773429381 nucleus 0
436.7807492257998 364.05467363055766 471.40061319041706 356.9857941494184 481.1474402836029 404.7158868087471 446.52759120755945 411.784717045549 nucleus 0
476.2000919253478 473.93462950532796 480.2697863598587 444.49047345326505 519.5632048304105 449.92063387012547 515.4937330918619 479.3645892150949 nucleus 0
485.3065886867262 461.6130130410518 470.4213995559985 484.9660292184011 427.66217980395595 457.71540300733733 442.5473416630848 434.3625884967761 nucleus 0
415.34853434706747 204.31771061066297 396.65676528660697 211.2257129691538 378.74360664915 162.75715846174631 397.43525585239695 155.84918063740793 nucleus 0
447.71683933009626 211.36393477007144 440.7698913841159 237.63519262207538 415.0086509533139 230.82330489140128 421.95563544824836 204.552104311751 nucleus 0
446.1289723025402 133.12009048374046 452.9709526868828 183.3856528788789 426.13883387472015 187.0378147587503 419.29694333484804 136.77233356061117 nucleus 0
507.30658988402865 542.4323205848716 551.5008090818446 548.0590229298916 542.3631299666158 619.8121801581896 498.1689266779722 614.1855656419493 nucleus 0
611.9069567348924 615.7871282325694 608.485283000482 590.654417395211 634.1292383743712 587.1640635081154 637.5510336599837 612.296629200879 nucleus 0
349.30237698892597 330.4312685596467 383.9222255886125 323.36228849424293 396.9914503657492 387.3621116264252 362.37162066470773 394.4310299011745 nucleus 0
291.5694104231079 470.0446495266104 312.35834335813706 490.58475699477253 284.2647519226739 519.0133624379989 263.47596995452477 498.47340644032244 nucleus 0
234.45912720897468 537.9221062486907 218.25413802274852 511.46861907324393 264.2168990589562 483.3179936234329 280.4218676168239 509.77121162720863 nucleus 0
210.00924846157432 487.77697446550144 190.85630338326155 509.0423793760885 160.46224615689425 481.6722493261012 179.61507156986045 460.4070016582432 nucleus 0
206.68868212138477 542.9504573230131 212.81208446831442 587.9249734157617 170.30557812424377 593.7105511949474 164.18262877305096 548.7364445971729 nucleus 0
184.73726966331014 542.2109265521567 160.37488055349968 553.9979327888293 136.384569312213 504.4223027588531 160.74652163864812 492.63542097240315 nucleus 0
116.3717952879233 519.0768939767264 137.20116751930618 505.921952878224 164.02847377336002 548.3912596772476 143.19920372843626 561.5460697980792 nucleus 0
153.94976113217126 563.6019852039099 161.15360441232042 616.5130207115162 136.7357087302662 619.8364250842919 129.53218323993497 566.9256760452199 nucleus 0
128.1424801954563 611.7143055638916 100.98840367310913 600.0134986700515 123.03269686330168 548.8690886452479 150.18619984111865 560.5697537955401 nucleus 0
110.21071236587886 587.0951583572388 86.37277194553462 568.4859241527323 115.72535570827313 530.8951761351412 139.56298515346134 549.5042245158106 nucleus 0
114.8827791405347 639.9999652030841 114.88316538634535 613.4992639601804 162.19648595986655 613.4998913832335 162.19639199895028 640.0002989204751 nucleus 0
344.3033312899206 368.28112118922064 370.7773422840546 362.8755097047191 380.579284629639 410.8753380079165 354.10528540720406 416.28091097364694 nucleus 0
88.63546223394223 591.4234170720104 109.00029999946128 587.2659428914827 119.75924241349276 639.9526960885545 99.39442009796039 644.1101190364873 nucleus 0
98.12158380824258 635.9815483850517 79.48432455006696 637.9267264287782 74.22381038806634 587.5363530888445 92.860645089022 585.5911973259053 nucleus 0
63.056153011493734 584.0576566164505 56.93329864756379 539.0831946499325 95.55522798407765 533.8264034823111 101.67838723369641 578.8005014764328 nucleus 0
47.731401489436394 500.1944302623003 63.00497093281592 497.0760998637878 72.13370923724142 541.7798301428387 56.86014792387141 544.8981330334622 nucleus 0
39.11040300001332 457.9775950000036 54.38395493511052 454.85916347322177 62.977351809022366 496.94120763550467 47.70380696347274 500.05961537266603 nucleus 0
32.53970035613747 434.62089823849647 27.497847272315994 397.58311302076913 68.70961942819122 391.9737720311085 73.75167029953445 429.01131938838887 nucleus 0
98.35885317290376 458.57140234436855 68.37055491596402 451.01662051973346 78.91629995865515 409.1627515997659 108.90419855139044 416.7174805486886 nucleus 0
105.06641796622716 412.1771370854999 133.5769320531108 406.3558768975912 144.4220300886809 459.46416755619816 115.91153144501732 465.2853765221304 nucleus 0
115.55916934084962 369.4292587827438 121.32153788596042 411.7582779824574 68.49461914076528 418.94856858512287 62.73261861417268 376.6198834627997 nucleus 0
161.08444976896862 357.8436072169941 166.48663109677727 397.5270378683337 115.23683974839514 404.5026678805332 109.83498116584087 364.81952851342066 nucleus 0
320.25830441307335 385.5812761377425 344.69587135747133 380.5915489297732 355.96617279588827 435.782087526959 331.5286185404693 440.77177200053194 nucleus 0
180.9026175870531 368.64511704352304 157.1372654469451 363.4155699674743 170.55179928356665 302.46037360727325 194.3167927916511 307.6898796501692 nucleus 0
179.57619831737247 271.79499345902786 186.41860049247043 322.0606373771916 144.96309205591388 327.7031565053078 138.12094959757815 277.43774684210285 nucleus 0
191.34717786466354 299.8540010264349 179.82068141369382 286.8472142595399 202.9661766596837 266.3371242493382 214.49264262751967 279.34386898527436 nucleus 0
277.50987496285234 244.99213226111792 281.83132259473496 276.73883629826935 234.70963705491158 283.1526539332915 230.38835394087073 251.40609884130936 nucleus 0
205.09566529355652 237.1652593701437 247.86127085986664 228.43261861672093 255.24624245867017 264.59680392526485 212.48064579041966 273.32941462194265 nucleus 0
187.59505957757938 223.3262484669319 211.5957610035548 235.9653237769253 188.82947980426252 279.1948396770365 164.82881811978586 266.5558220140428 nucleus 0
145.21715349474107 235.55832482715283 143.19202120583213 190.10712241218866 188.367189267301 188.0943356654235 190.39247561537195 233.54537898584923 nucleus 0
42.87934446889267 315.41496165205655 67.31689936576004 310.42504555049874 81.79946936579654 381.3457801341075 57.361928354002885 386.3356495714276 nucleus 0
52.46269163144461 324.2857775027271 29.757104143791366 314.50003275142853 46.62277532435837 275.37000126460407 69.32817257613351 285.1556989616493 nucleus 0
44.7488957317546 222.24242758755182 66.20376718092302 226.09980941918684 57.26436997298151 275.8188000470723 35.8095033832069 271.9614362155357 nucleus 0
300.2418304288585 421.4004288703301 318.33041219397273 401.3161559040267 354.9204062528588 434.2660054120213 336.83198870974593 454.3501207372773 nucleus 0
81.95136600530532 264.69039583725527 56.70624116253748 255.66521842763447 67.7645501960069 224.73466230622495 93.009537733451 233.759812775799 nucleus 0
63.23013027125853 196.91727012221054 91.74051930902351 191.09543192857274 98.86561127641471 225.98694625526002 70.35522680460417 231.80876818035895 nucleus 0
0.4699311601871159 154.87039945146532 27.20074664517597 136.24629345676527 60.62570731082815 184.21955924713575 33.89494803188427 202.8435966177383 nucleus 0
5.338679361302638 114.62359014228903 49.44089655218704 112.56952450161144 51.2687472919788 151.81426811588352 7.166530269678333 153.86832972400268 nucleus 0
125.29622828202264 95.95257031713885 131.77808935310168 143.57264212799424 63.8018359344278 152.82501855875165 57.320142992030014 105.20509990302854 nucleus 0
267.41703618172323 428.0802207723573 308.146353488919 419.7642029496458 316.2870382674737 459.62914059009734 275.5577378709859 467.9451024918837 nucleus 0
353.45455607253825 423.4828088915861 384.00153658025374 417.245765978485 393.40577616516384 463.2981364507823 362.8588099179615 469.53513113373504 nucleus 0
398.295035207193 399.41130544863285 429.40764022627263 407.2493450037021 413.21986138034845 471.49684464639284 382.10728706922964 463.6588892389791 nucleus 0
487.9524700093316 426.5245213699716 482.9106766687619 389.4867050058979 526.9556501277111 383.49177962813417 531.9976505633531 420.5293463930053 nucleus 0