107.74393195621087 609.1211665919677 112.1404570145387 590.42926765934 164.78905967538594 602.8092158560526 160.3927976769046 621.5008870777897 nucleus 0
228.99601174431155 302.5664617146578 249.894005281094 294.69959743707824 261.70812742646376 326.08109450190784 240.81014996016165 333.9479279612452 nucleus 0
441.6833833286364 454.0482455647541 434.742922314108 483.56191618650365 404.75281108316267 476.5104147380198 411.6933798118407 446.99690161779506 nucleus 0
496.14760130010836 474.28387581914586 481.432626689857 495.70618865987797 434.8180992624839 463.69167179410795 449.53302169749804 442.26956886423454 nucleus 0
492.0163534740277 482.4938728690249 498.4945121266355 454.9477419248524 553.7836092305224 467.94808868413696 547.3057695786702 495.4939435785581 nucleus 0
522.8027126764937 512.8586653184182 537.518325879937 491.43671034261564 590.7160968363314 527.9731754850914 576.0007848929672 549.394862027264 nucleus 0
617.5123124696984 499.5430071730123 608.2581765285431 538.8946387615933 551.0210997494141 525.4365360566004 560.275537482521 486.0853402660379 nucleus 0
640.0001345713099 289.844057 616.3901669078768 289.844057 616.390259967593 237.732269 639.9999906071025 237.732269 nucleus 0
640.0000481778261 178.99718000000001 616.9884938499308 178.99718000000001 616.9885504691047 141.283663 639.9999997649866 141.283663 nucleus 0
271.4569722993474 621.6600153022623 280.712622740175 582.3085168748468 351.033772476585 598.843692760817 341.7788678136276 638.1945447418469 nucleus 0
279.036867758914 545.4893718776175 233.48413621919462 565.1233864222866 207.30736952267762 504.4023299441119 252.85907238154323 484.7685692678346 nucleus 0
195.35307785350597 502.02373728986436 185.63625829709054 543.3429695375619 132.69218657907913 530.8943894791984 142.40930173727975 489.5755858104002 nucleus 0
139.78045235970058 427.49583906602817 174.1167000398127 413.03270742720264 199.38617982341384 473.01517354049315 165.05002216203138 487.47814763067083 nucleus 0
229.84505531385366 501.62928832782995 208.67546599482012 458.01872642014877 276.3454300216108 425.1752680382444 297.51513450799393 468.78526851125713 nucleus 0
152.41540156777774 343.168516685912 185.06449020533182 349.5649133513353 175.360140790508 399.0937850723031 142.71106443819008 392.69743293734166 nucleus 0
322.62443390536646 396.98503316703176 315.2215869118663 428.4664335229903 262.4253721896821 416.0526475343866 269.82839598138526 384.57150649099174 nucleus 0