3.420519602004788 81.3815771124567 -0.6338326455443166 51.17070478930386 41.813231999985874 45.474254000027365 45.86760973696073 75.68509239141865 nucleus 0
2.0050757404533215 448.5099319621462 -4.706292855262291 398.5056871211692 39.341636308818124 392.59455071619186 46.05329740603338 442.59844626821183 nucleus 0
2.8484914924774785 488.1813790452072 50.30308050249005 482.6187991683223 55.22530775524501 524.6027361703052 7.770726391318021 530.1652718113338 nucleus 0
53.70556336529262 532.7759418379047 50.07002197096881 505.69032664543124 97.53601658303523 499.3203876047228 101.17176683037542 526.4057547339838 nucleus 0
96.95913317402301 537.5763337199527 93.32364459420205 510.4906343439438 135.59691639849916 504.81771164100473 139.2325925736077 531.9031875125676 nucleus 0
202.2245775234478 481.0288014767221 206.41967972595012 512.2815019668302 153.69103824450576 519.3575957445439 149.49627840651374 488.10520400029355 nucleus 0
263.1542344016634 442.1863227686739 278.2857451610471 469.3517746731227 233.77260572284285 494.1418459664948 218.64137492593727 466.9766353684702 nucleus 0
286.0976082312118 484.62025422879896 281.06405982172873 447.1170315767829 341.581487510266 438.9957576049186 346.6153653051879 476.49858678942905 nucleus 0
416.31981122816796 488.1756520698069 392.6656334815925 507.4809183242945 356.5783494900097 463.2714782151214 380.2322234373423 443.96640900640887 nucleus 0
395.1752446642786 529.1243422402854 416.26618206937565 526.6521585687527 419.95398064922483 558.1070692139715 398.8630460236891 560.5792370497078 nucleus 0
400.6788779863564 617.8143916128165 374.71437657572096 613.9875130979527 382.3802970428369 561.9918786631704 408.34420874758507 565.8187129757201 nucleus 0
11.122069586708676 122.76863465383256 5.8094787874870235 83.18197550987199 55.76741463824874 76.47758542533248 61.08006776536058 116.06416894882508 nucleus 0
351.09930755905225 609.0961580081619 377.4630068767874 606.006143608542 381.4239942394488 639.7912584183719 355.06029909462086 642.8812484163466 nucleus 0
431.4250019312749 545.6954919629918 461.03934479026066 554.1814420463138 441.485444941427 622.4038169244317 411.8711553130561 613.9179974155613 nucleus 0
438.3606231767044 405.0155920165477 421.19335164177755 433.46852474960474 374.7434920130763 405.4459269858651 391.91074906986614 376.99322882941516 nucleus 0
542.5971648981795 623.0615134650716 536.3047164993623 576.1824054881564 589.2769342551037 569.0738930609124 595.569848777086 615.9524471358619 nucleus 0
607.6645876041584 581.2584736815828 583.2078080501378 579.8343630121941 585.0641648006422 547.9647059401356 609.5206160000089 549.3888069999986 nucleus 0
531.1290773029032 457.7638792535022 565.4018221016304 453.74635475461696 569.0896245944168 485.20121554870366 534.8168836998229 489.21871773621285 nucleus 0
616.6848470731202 426.38562888834747 588.2540818800771 424.7299315264221 589.8485782559874 397.35550387249293 618.2791059325973 399.01119431431704 nucleus 0
512.8934639148792 388.4319064867796 506.46202800024184 340.5110936673693 569.297290504619 332.07872618873324 575.7290677240235 379.9991323301639 nucleus 0
573.8639859382965 235.51069319624366 594.9067276218557 256.0791718301268 565.1942229022097 286.4751567584588 544.1515654679097 265.9067631352321 nucleus 0
2.7239588885277044 170.5583660224214 -3.986710919998586 120.55416046819815 43.93337989691645 114.123290446954 50.644157290735166 164.1273646228778 nucleus 0
546.1686560202361 197.14668516953765 577.6755070324725 187.54982821815895 589.6295644876227 226.79423585784866 558.1227268889052 236.39106173725304 nucleus 0
617.6560632923065 272.5629957267569 619.8930889189069 289.23104187249737 602.7032626625441 291.53792564163456 600.4662705724331 274.8699097298309 nucleus 0
593.7214202863106 239.38207945101618 613.4941278954648 237.0640159571327 617.1715860513359 268.430687823084 597.398879608736 270.7487444025531 nucleus 0
588.5853598902031 195.57445901994407 608.3580635789258 193.256362329782 613.0199645073299 233.0197653329535 593.2472620757471 235.33785465841194 nucleus 0
0 167.725256 18.503409 167.725256 18.503409 202.739375 0 202.739375 nucleus 0
45.75338971320889 174.74524136448878 85.50046225980623 213.59714133339847 55.93962903425563 243.8379621319804 16.19268270660541 204.98618975194293 nucleus 0
18.507102391886292 257.00910961607326 58.05252056190511 252.37301155132502 63.72469204987283 300.7533740620304 24.179278014053125 305.38944870871046 nucleus 0
62.62701693594863 252.33598743777384 91.61832311823673 245.51152657283865 103.04231013949902 294.03973892918776 74.051015926525 300.86416511430434 nucleus 0
0 361.102538 18.998016 361.102538 18.998016 396.948638 0 396.948638 nucleus 0
44.38945756315661 398.31049326962443 17.50072498653026 372.029256298577 59.53130068279279 329.0316357951766 86.41980251501082 355.3126550732912 nucleus 0