268.5860784677061 468.99348105620476 266.87958557580714 517.8565694365266 240.29597471351735 516.9281523915845 242.0026968237653 468.06530200688724 nucleus 0
264.7618958916428 354.2498039595719 279.5799253619771 365.46689219643923 259.65991468365246 391.77892488536764 244.84193011041498 380.5618880714908 nucleus 0
218.6719918432209 392.57929101278506 219.1210969099484 379.72059301482386 240.0214414819493 380.4504685991256 239.57237630653253 393.3091280125125 nucleus 0
213.38260960132175 356.44793308628294 229.7943875641795 355.39631687547126 231.14348376329872 376.44857353893707 214.73170609584486 377.5001867290095 nucleus 0
110.64339977499912 427.4296628693424 109.11670766552561 471.14941543500595 58.31518270082597 469.37527961884 59.84223156730877 425.6558959579628 nucleus 0
24.062100000010105 375.48387099999775 33.293747106872615 374.8923528645167 36.29656778306526 421.7510547951553 27.064921052660793 422.3425687905783 nucleus 0
285.8631011717807 317.4140170759614 256.33746403094847 313.37301543623494 264.868851474821 251.0437361387049 294.39410107632284 255.08471086615842 nucleus 0
249.80977926687046 224.6653347621276 275.26276421580405 228.14899608383658 267.7626280604454 282.94537954433275 242.30964671129186 279.4617364567568 nucleus 0
283.5322816457483 197.4931913485963 308.1499479512422 195.91567985386575 312.31040930433664 260.8389208495439 287.6927438632265 262.4164236480481 nucleus 0
319.41739790694555 114.58803311137092 344.0350578755897 113.01048440923321 347.66026691730076 169.5811218855276 323.0426073962735 171.1586658241906 nucleus 0
556.7038942904765 542.4151834720973 541.4483132988244 514.1618730834036 580.1392631405906 493.27455351778957 595.3948656633293 521.5276269009547 nucleus 0
347.56780776348023 103.84987754611502 366.03105355672596 102.66671045507164 367.6978503697319 128.6767213795323 349.23460471669387 129.85988713791335 nucleus 0
241.38364225385885 118.36903540517181 272.1557187043072 116.3971017900304 277.743556190253 203.59396125964238 246.97148051302065 205.56588450789022 nucleus 0
252.8711778406432 99.75358368247485 278.90603356587235 87.8378378196584 311.90555362314626 159.93811919870677 285.8707263486576 171.85381934252203 nucleus 0
270.0821124563663 74.56231327280159 290.04375639422506 57.78269815762633 335.0908094719489 111.37203049138782 315.12920301480335 128.1516049762593 nucleus 0
197.55329988678568 282.11157214493045 217.2119066218147 275.66992245408215 235.35790331567114 331.04415163108087 215.69931645652105 337.4857585382617 nucleus 0
212.40867277316283 336.3768597413269 195.23487533944717 340.20356174357823 179.55370223615319 269.83265349638117 196.72723138268339 266.0059824459973 nucleus 0
167.09232651883212 220.55069234840929 184.8952203245426 213.7887576752346 201.8021214089822 258.29965303396597 183.999242858481 265.0615591561718 nucleus 0
147.68530835084675 147.34937325995094 166.16168330205255 138.8930902902253 191.2689024196152 193.74948629886606 172.79254730136017 202.20573683372402 nucleus 0
153.6211159198865 113.56586953043647 143.54140205025033 129.45165045477682 97.36906089165132 100.15496715545511 107.44876986675081 84.26922136962855 nucleus 0
111.0021104610496 79.55284523008393 86.1287960048503 96.682819016182 66.70021338475635 68.47193064219847 91.57349541310396 51.34197229925207 nucleus 0
553.7435687989637 510.42476620207003 538.5808560071746 478.8724502022276 572.1462123851234 462.74520349139084 587.3089700186392 494.2973068716408 nucleus 0
31.780790247648838 46.15097316711462 54.09079255783581 27.397248991172162 83.0876150036056 61.892700535199054 60.77762810018612 80.64640805964308 nucleus 0
15.379871324985288 31.062046026874867 39.99752975163574 29.484477720915585 43.35721387033118 81.91161637919294 18.739555576757994 83.48918291251864 nucleus 0
1.4056900000286987 21.93548400000021 12.68878571841924 21.212431800871038 15.843958047844353 70.44824844269023 4.56086237099953 71.17130003160703 nucleus 0
5.705445999992662 89.03225800000185 10.834125661640428 88.70359966408073 11.991751904351986 106.76811592756039 6.863072262276546 107.09677404727296 nucleus 0
454.94755988889665 15.887107074594894 453.2861498629791 63.46420262465705 415.33623765120865 62.13895652546077 416.99767387377506 14.561889808393802 nucleus 0
394.8608971203794 27.950631623536385 395.35483914813085 13.80609075736723 437.1555245498166 15.265807364072083 436.661587482522 29.410343939892698 nucleus 0
640.2436476078583 22.35778052272805 639.121075643925 54.50447590380399 597.3203757610463 53.044765334563294 598.4429658672161 20.898090505935173 nucleus 0
583.0012890040962 26.796033515260973 583.2258060000458 20.36669399997176 614.193548201074 21.448105241337238 613.9690330551821 27.877442967382528 nucleus 0
533.5894358486985 538.3862538550114 551.5424859714403 567.5853903794928 489.427416231847 605.7668094411384 471.4748835418868 576.568124814834 nucleus 0
381.6981815762847 639.9999984308678 381.69842138988315 622.7226981124101 421.0639752831048 622.7231266074086 421.0638949987333 640.0002677085018 nucleus 0
391.98847284380463 379.14964500552844 433.0179261162266 376.52066843846086 436.56906775344396 431.9354855967638 395.5396166756691 434.5644401511918 nucleus 0
489.44914410603815 262.9920019590786 488.6408736732119 286.13766732195114 454.0774525031884 284.9306463888579 454.88580142518913 261.7850626527763 nucleus 0
355.83912738307845 348.5467424473933 339.2238345361693 313.9681815884135 392.6752764462435 288.2862263237887 409.29062141585746 322.8645445329534 nucleus 0
245.57818979250442 552.1521457437096 254.4091919465427 520.6692342013284 305.4564517724066 534.9848559008853 296.6258423911495 566.4674320437132 nucleus 0