89.46794003182731 450.1159017909996 89.82380585119245 480.5349192130816 50.62846923661709 480.9931579661667 50.272812304247054 450.57434755948265 nucleus 0
201.94696032900538 512.4124992351898 202.30283508935827 542.83157914155 162.9147198642022 543.2920511389907 162.55908323946642 512.87320796609 nucleus 0
203.92630482354434 528.0286294232276 230.15059483455843 539.8583698645795 206.12479191244347 593.1066388949317 179.90058948656952 581.2770424899222 nucleus 0
150.06414274612325 457.70454957455956 150.45233439988806 490.8889380788588 115.24796351855912 491.3004771132697 114.85998042866413 458.11629479791173 nucleus 0
189.16024561382073 438.8022172220137 217.84000608524366 436.68227295472536 221.32464668582543 483.81712852565215 192.64488817585516 485.9370555900903 nucleus 0
176.45402108304552 467.73599191285916 152.33579353684036 447.4594420862874 183.4819836266979 410.4176990742802 207.5999789753405 430.6940895784944 nucleus 0
208.402612372156 394.18896415764004 187.26830957057246 418.3615233052278 153.48795829435403 388.83027401064714 174.622150857831 364.6578731975746 nucleus 0
136.86626512855582 367.4581144790667 165.1986964185926 369.1000775583277 162.08046534928144 422.89977028772387 133.7480351717386 421.25782021787313 nucleus 0
137.43081168802746 369.3488884577351 137.04286531974503 336.1645175205717 171.02258413025993 335.76730291536353 171.41067659438704 368.951526271224 nucleus 0
181.13276200143446 312.9867613877228 175.11655290130875 339.3039051148455 126.34686627861811 328.15558755268916 132.3631846513308 301.8385997618183 nucleus 0
144.15510936865758 346.1875213369908 118.96377021912485 358.0781944260418 101.30465263609949 320.66879502151323 126.49577390235208 308.77818202678327 nucleus 0
57.5271499306109 467.44806263217635 81.64557147596497 487.72428356272144 54.07589716829534 520.5121580820665 29.957623411755776 500.23609671974145 nucleus 0
101.06288495968329 325.5223245604023 101.51571182897897 364.237419080054 61.93487495431327 364.7001173934097 61.4822464545432 325.98521787296676 nucleus 0
8.770003929530503 348.72748172835975 8.22044140091748 301.7163239162942 45.03462016640697 301.28600444854163 45.58438872016268 348.2969551887124 nucleus 0
48.15084444715467 304.01524450311143 47.665942922685645 262.53481277373805 91.0447812682105 262.0277466726591 91.52987021378067 303.5079884824111 nucleus 0
19.819782785780262 236.37503222628726 48.15220088705246 238.0171017290741 45.20317580696428 288.89735349111953 16.870758384320652 287.2552921562902 nucleus 0
126.28048431077332 203.32181591330894 140.9396319759253 248.84713290799903 104.41809777483286 260.6064335908877 89.75912731410062 215.08126744651094 nucleus 0
73.17904443661973 183.50575113920223 105.87029651265766 185.4004728547635 102.30604910706461 246.89546827649767 69.61479783305549 245.00075596186826 nucleus 0
98.34646545095893 145.8297588274927 73.65090467115806 156.17103447300303 51.87995619577123 104.18128910276658 76.5753996190324 93.84004178505265 nucleus 0
84.162821810678 99.6498839661716 105.93027581235219 86.46801020791713 129.4689132318308 125.33744423838208 107.70147777315287 138.51929308742433 nucleus 0
54.780735894164536 71.97650373225214 79.03657927527092 54.038637473291075 104.38028545679117 88.30863396667047 80.12446147971787 106.24647759748605 nucleus 0
199.17509325387073 316.07799169223796 198.7548183293984 280.128264223332 239.49191311192408 279.65204641732225 239.91234826447908 315.60161134952784 nucleus 0
6.2465452136530075 536.8268162764659 5.8263434679975035 500.87702018139515 38.43975749507081 500.49585719321044 38.86018195320503 536.4454299508109 nucleus 0
231.87822773536027 297.0735529255826 251.23445072102186 278.856128953039 277.78140392896603 307.06074991887084 258.4252581624605 325.2780947226608 nucleus 0
239.75772308695014 346.02651076874884 239.43444755510427 318.37289178250967 277.019647525085 317.9335232443994 277.3430495640787 345.5870143774538 nucleus 0
251.70666846439417 403.96723424635064 251.2217061370029 362.4867854008339 288.22856938080804 362.05420706619014 288.71374823160295 403.53443511169326 nucleus 0
268.1908210796246 396.858096072135 288.4201588076394 419.07961123635465 263.9049401193188 441.39398477321095 243.67572131348425 419.17258429978153 nucleus 0
241.99844878603471 464.9268721213193 241.6104967253341 431.74251056731174 276.4292049991491 431.33551001497176 276.81734730052995 464.51967888141485 nucleus 0
237.70435849844944 553.4805380713077 237.31644161503937 520.2960729360739 278.0534745428304 519.8199379933505 278.44165806047386 553.0041333353787 nucleus 0
294.03151183032605 456.7442812202682 316.88051940240257 475.95348936359414 289.615587816661 508.37889554559683 266.76671465684194 489.16983319050667 nucleus 0
307.7843657768244 399.1037673453287 340.4756293688115 400.9982990004491 337.3926231824589 454.19041256516834 304.70136098505463 452.2958968906493 nucleus 0
372.76234098302666 386.10971692867554 342.7725241310691 400.26503157943796 320.9567808367865 354.049998702152 350.9462355848518 339.8947846757091 nucleus 0
376.26085172778403 387.2401334231677 408.952114399508 389.13467586346474 405.8603063607734 442.4786824773794 373.16904519029777 440.58415570394925 nucleus 0
538.4164445156784 352.88784647162106 487.04943614277 390.8718402422571 467.53278603639046 364.4811144383152 518.8994832886965 326.497289755182 nucleus 0
464.18112788916915 417.9892069527766 492.33470585189934 434.35748746151995 464.8805585614173 481.5716905804509 436.7270911370724 465.2035598957027 nucleus 0
434.38307405944215 605.1495088643765 431.8749592361564 574.4277167452111 467.455370542084 571.5236389173115 469.9637032339524 602.2451923350822 nucleus 0
51.75264077632164 509.0148395047851 70.81534700744669 528.7276944168341 38.03200916161586 560.4228922568531 18.969484767585527 540.7102164869141 nucleus 0
9.382852265916881 618.3792196934573 9.14060791292286 597.6390009473523 63.0750442698627 597.0091125136818 63.31753859092714 617.7490761711812 nucleus 0
72.42106896039331 531.5693849496508 106.66725706010766 506.2487029672286 125.17350128189719 531.2733257079612 90.92744728659454 556.5938519884567 nucleus 0
141.88203631463693 565.5423644987011 121.57130441984918 548.4680651650818 154.044389506671 509.84831540662776 174.35486904520076 526.9224414871794 nucleus 0
181.40677158502513 545.5697637198961 187.80584239895688 574.6746995909173 143.53581697847403 584.4053010226497 137.13706464630377 555.3006419953537 nucleus 0