81.5373853968049 478.9883759514697 89.71720892353915 506.43275110846906 34.705607010182575 522.8255030236388 26.52612668731308 495.3814205594575 nucleus 0
35.51456275046803 608.2886270702274 56.72954090347048 604.1901970188285 62.14152891552658 632.196772389738 40.92655843429384 636.2951755464233 nucleus 0
151.54056930958177 627.5796965679067 149.49693770577142 598.3551729883127 201.18761742196511 594.741289063836 203.2315662354813 623.9654719656917 nucleus 0
212.6889743753418 554.8054391489551 215.57754807821766 520.2996826540814 271.7974795309419 525.0048856673598 268.9093244163814 559.5102526390771 nucleus 0
298.6314902482991 567.3886176535527 290.0385955726233 583.4000600652757 255.40169288040488 564.8156766000767 263.9945993519359 548.8043668783813 nucleus 0
270.088947439217 570.8092031086484 262.7317828003288 530.6625868949571 316.1041762404784 520.8838083525553 323.4616794442263 561.0299805747015 nucleus 0
275.0997058185749 581.1609897734295 309.57401442021364 574.5008737383956 316.25473362379125 609.0729016936571 281.78043990912556 615.7329657573586 nucleus 0
293.1538794354856 617.6771323840323 292.50361226491805 608.3787850240329 335.7720887717005 605.353568676863 336.42244055183255 614.6518239570213 nucleus 0
85.36612744341255 505.59485930787497 79.52358224458294 485.9917599531733 124.3248045953078 472.6413957335748 130.1674456382898 492.2443283817453 nucleus 0
333.7269340000057 614.0769869999996 328.7604964383354 597.4143103936067 373.1732816254953 584.1801727370604 378.13981785024225 600.8426765932703 nucleus 0
333.0440512156929 587.0980701842747 339.1224576078821 556.6156863877252 385.1536710023356 565.7923467636941 379.07561452142545 596.2744239595543 nucleus 0
505.4350628595421 535.9370106286747 521.0429265052517 513.8620588147351 561.1168961693329 542.1900426101009 545.5092765145673 564.2647764675969 nucleus 0
552.2182630000316 548.9683740000216 545.4992627430329 526.4247581485763 584.5155141311261 514.7985568636009 591.2346182268811 537.3419910961525 nucleus 0
539.964064909509 502.93850815484166 552.6782341789658 480.47344639252964 600.7289464944188 507.6627435190197 588.0150466973282 530.1275723590591 nucleus 0
511.1845188818552 363.0090745271693 523.0256371665018 334.5201682165415 554.1366268837737 347.4499714631639 542.2956586048531 375.9387504515895 nucleus 0
538.781407745555 361.6984125963907 542.0819633528299 322.2634956031873 574.7814010785805 325.00010053270927 571.4810227513954 364.43485227517226 nucleus 0
589.5728258763847 245.56315524271966 584.3456101260381 213.7995503964487 623.0648509404273 207.4279167099615 628.2921503163379 239.19141463496504 nucleus 0
29.468168214443722 562.6628013143588 8.931471098185284 538.8953109811241 45.55135789021733 507.26015226389285 66.08790248763398 531.0274149059027 nucleus 0
573.9562141175702 185.6361030207525 572.738782467568 153.1567563317031 613.9195903114887 151.61319427024708 615.1371026816196 184.09245578444302 nucleus 0
144.19083793058235 339.0495701992225 148.08162419460132 367.1074476204438 109.68822223570896 372.4307890580355 105.7975957250892 344.37305576624425 nucleus 0
232.20638685568701 331.88618571670656 223.93107972166035 356.4590870971744 180.87678442701872 341.9609408729622 189.15216221743322 317.38817898727933 nucleus 0
208.20797836968268 338.79028773998044 198.2765734390705 305.46479345090563 242.68921383809356 292.23022695672347 252.6207224978134 325.55554020629927 nucleus 0
232.4919946341106 317.96461092121376 272.2697736011469 310.2785339355364 279.3912343525153 347.1313532198849 239.6134655358037 354.8173945740263 nucleus 0
337.3284881559812 351.0128872648235 319.7912660048314 384.9429612766562 270.35654383027577 359.394109178725 287.893799027006 325.4642848073412 nucleus 0
280.9828597923479 250.93742147722793 268.13087790585996 207.81021269695322 318.91075509855 192.67824573477813 331.7628451903147 235.805267463756 nucleus 0
442.6631325298513 122.61083025088404 442.3201715730829 152.00599955348855 383.7597322865622 151.32263427622706 384.1027797469724 121.92755178065732 nucleus 0
105.10459350080055 53.62221960432702 99.5550506489235 34.99908172636086 139.54218756902264 23.083251323863394 145.09173646954878 41.70637705658946 nucleus 0
63.452467444731155 537.7378127787047 57.02552914590342 516.1744376993345 104.62210660691198 501.9911065927863 111.04916332646098 523.5542732001637 nucleus 0
122.267855210157 532.20361513728 100.27174057860975 514.7955621815855 122.9525232942251 486.1427619337976 144.9484405759722 503.55069416903234 nucleus 0
168.317956326282 526.7235660000205 134.05465022660792 519.545364483246 141.63409336702898 483.37505241372406 175.89693729867577 490.55320377892144 nucleus 0
46.08870306343306 578.118468522123 41.37805417725758 552.4128690844261 97.19028154097032 542.1872605033603 101.90116362959088 567.8925564349524 nucleus 0
150.38508351273776 541.6491666727695 147.9096075342386 571.2254472539784 104.8372412329627 567.6208510140746 107.31295633107948 538.0448326009064 nucleus 0
59.42336502150283 613.8557678533953 41.756939797705854 590.0377492718401 87.11553087225184 556.4028346678356 104.78184480954951 580.2205600547883 nucleus 0