0 306.660207 11.675593 306.660207 11.675593 328.869416 0 328.869416 nucleus 0
183.44780018742313 276.5607200343753 156.35850322556507 269.5527418506816 181.6541282106482 171.77758443263122 208.74297419744835 178.78550004162554 nucleus 0
154.36534807558928 164.05810365745248 176.35268287092913 164.490365221983 175.17084475759475 224.60393695989285 153.18351000154507 224.1716772811695 nucleus 0
185.54673422644555 128.01203291967997 178.0604348261113 162.8267023795251 134.05431935025263 153.3639972992554 141.540676976947 118.54941031975133 nucleus 0
191.83761779670021 104.14788490436734 186.65483258344466 128.2503483121075 131.78591261676047 116.45182672147232 136.96873803361086 92.34941744413112 nucleus 0
131.2202454888029 120.21999880740475 147.1881999613106 147.43607569964578 101.6118806299346 174.17563127351272 85.6440152911091 146.95963170031894 nucleus 0
73.45090724717011 137.6067253335248 98.8332838522183 162.45856416020268 48.51969274801377 213.84495564697616 23.137432457515388 188.9932340669489 nucleus 0
16.379230785096297 234.8500637327011 9.08597124471271 232.96327800870932 19.386167999982717 193.14997799999884 26.679382713191444 195.0367576774026 nucleus 0
305.3337028124952 71.83292017340717 334.5065475229785 79.3802211740944 324.8484548422857 116.71174487162051 295.6756139033678 109.16445406130379 nucleus 0
345.2505341918004 36.26886013761062 338.3401614324248 68.40545513505815 306.3056972270715 61.51704003862859 313.2160834615206 29.38046505994961 nucleus 0
346.49235443372163 33.051374069420405 373.58141521253856 40.05961148543808 364.5876898854476 74.82314224077047 337.49863095268665 67.81490984882385 nucleus 0
0 332.591081 28.66238 332.591081 28.66238 376.480244 0 376.480244 nucleus 0
53.526263370440574 414.7190470370008 22.10642091362388 422.3429528156721 10.170068007791997 373.1553614496231 41.589468775782734 365.5315113092138 nucleus 0
50.96640468655096 358.96551498336015 86.39082093119214 368.12921209594805 73.98604659028933 416.0774788010467 38.56165481200151 406.9138471633789 nucleus 0
63.25565679973806 369.8663622520236 44.763986705074785 346.40874213196844 91.79736677157052 309.33553852397415 110.28894657698402 332.792978433742 nucleus 0
124.3510870305181 295.1288533906263 150.85004412467242 314.116214572273 118.03476070272154 359.90984245237667 91.53591364134627 340.92261135401935 nucleus 0
152.34302588818537 375.7111780468206 125.6327646983118 341.8280919192798 161.93860562685586 313.2105788351033 188.64876805309905 347.0934644129703 nucleus 0
184.59090870906948 339.72746544159855 163.01747400357272 312.36016581168496 195.45179775435827 286.79434629710835 217.025167901229 314.16151484882045 nucleus 0
238.1442314227752 283.0784806582259 211.94788251275895 293.79951248834806 178.513607294517 212.1077498259561 204.70958628182416 201.38680256173487 nucleus 0