199.57388889422873 4.707039838688487 201.1011081274046 30.952242381338518 145.91523931791016 34.163514388576765 144.3880314330454 7.918323553754783 nucleus 0
239.8977608676796 361.54195461114574 219.67304248188157 350.1699329303908 236.6726250013744 319.9396383508812 256.897200233725 331.3116094191087 nucleus 0
457.08789828044246 201.44810819431459 458.92065247790015 232.94238617727223 427.43270224273147 234.77462250220765 425.6000327282527 203.28042470325303 nucleus 0
506.14977481760434 197.38451174272257 517.6422416723653 222.00471209322342 465.34009571878414 246.41777260884732 453.84776677921764 221.7976895598386 nucleus 0
573.0827867810876 209.44539194282316 574.7934187066858 238.8400748788675 516.9135822250246 242.2080828556059 515.2031012886437 212.81354469126723 nucleus 0
610.4323596418544 159.41709154752803 621.9247130870644 184.03734675877587 562.2608531598962 211.8866159219755 550.7686308557459 187.26647214379489 nucleus 0
631.0183107029297 176.5800178947539 633.4619956877577 218.5723774686698 584.4090873481764 221.42669763465398 581.9655648439948 179.43449429164042 nucleus 0
634.282989997082 487.62281576620785 604.7940403208486 487.2797340750563 605.3869831712655 436.33980338634206 634.8754090000148 436.68288199999995 nucleus 0
585.1720093309996 563.8430339870037 608.6817563787918 542.3020943613845 638.4175286877144 574.7480757572558 614.9079756486026 596.2888141118857 nucleus 0
632.7340156561695 620.7272425667632 618.1518694463011 620.5576083384424 618.680270780751 575.1588534996459 633.262121000007 575.328486 nucleus 0
315.6642240324436 72.74048937911888 313.2207016999746 30.74815397855994 386.8625912463176 26.462944783956814 389.30616751073103 68.45521881477583 nucleus 0
498.9354980000644 -2.2906211690939581e-7 498.9354986346734 9.947502805289208 438.6550835399976 9.947502533501954 438.6550840280688 6.338395928631031e-8 nucleus 0
272.7789452484285 167.04763834144842 229.06192530397675 139.6483093190017 265.02661167411134 82.2657106888581 308.7434396061144 109.66496173597955 nucleus 0
160.8928195509361 142.84168606458542 158.32714124277118 98.74969772847123 213.65879249642603 95.53000863637443 216.22457230085274 139.62188887835413 nucleus 0
183.63650749874068 149.25153451238862 216.63980921191978 169.5505319205427 181.58782859696657 226.538555250568 148.5845979343867 206.23965227349117 nucleus 0
223.1981475342036 186.84720803671047 252.22098784070113 146.54770428217793 315.6749729748117 192.24483009208342 286.65237868270196 232.5441129387592 nucleus 0
146.3622784906329 242.40648925629316 180.4588252060057 241.0159586657389 182.59991069797252 293.5138344797513 148.50336443298147 294.9043577682567 nucleus 0
273.8870976291946 273.20363603077845 271.93229046482884 239.60966897458366 327.1910101260437 236.3943080831105 329.14598188923264 269.98809854007595 nucleus 0