599.667243015283 287.85273824597596 626.9962130111526 285.1234275994082 630.5689782041009 320.8956457804204 603.2400099805818 323.6249453093155 nucleus 0
151.41079160348454 612.9848350924082 146.35635707374604 578.259883992892 193.54716813388222 571.392677104921 198.6019027789007 606.117263559453 nucleus 0
137.25038005490205 548.2966943253228 130.7097533880733 503.35844549140586 183.08253793795302 495.73726539937036 189.62354476359906 540.6750502118177 nucleus 0
90.0221495135338 494.67841510422056 85.56287290979526 464.0387015805377 157.92853145052504 453.5081718794334 162.3881329750293 484.1474891865209 nucleus 0
41.357659263012465 513.1229545219081 20.970746478415094 493.1364967196681 53.047513679703115 460.42297854148615 73.43425191116694 480.4092699832179 nucleus 0
-0.6417019981017802 475.6329463296475 24.08454111580795 473.16384524518355 27.052978458814323 502.88537969986953 2.326737300681998 505.3544673694048 nucleus 0
99.87077724268602 348.15591775452015 63.134260611768696 345.28660744802926 67.09398180995777 294.59640480602815 103.83005706156837 297.4656978715074 nucleus 0
83.4886684462981 279.25301715007515 70.46931771707023 256.19684309829546 106.70820583793102 235.73449311436423 119.72755927628896 258.79057539029975 nucleus 0
391.2023994143965 180.27542961932085 369.87853902253846 215.7909673664719 311.5324869154574 180.76013877013946 332.8563370172924 145.24476460022083 nucleus 0
233.25273350492353 172.33632057500137 261.8830738656834 169.47692153148708 265.44413798583264 205.13194050135365 236.81379868692602 207.99133235723173 nucleus 0
314.3002922377491 62.62340056732339 345.53338287099905 59.50398706825696 349.68709409404255 101.09279258514226 318.4540040189313 104.21220211200023 nucleus 0
356.2697543575632 52.39050517532097 335.05363133823266 71.28900138571706 291.9083607848006 22.85262306880698 313.12446125462884 3.954144251912084 nucleus 0
374.1452558781748 -0.0000020963047156738228 374.14525802378193 28.235988914544727 344.84782383085985 28.235986735601276 344.84782599996834 -2.382235456416174e-11 nucleus 0
150.56323810589674 49.91502603102415 146.2530133202381 20.296703179263314 196.3103613682324 13.012079787203739 200.62060057425697 42.63038217989441 nucleus 0
587.4884133630258 414.5628801902667 569.1031824635138 388.74934925822515 613.2781403064291 357.2900640267385 631.6633088099479 383.1033938912506 nucleus 0
544.2212234276667 359.12201482844 582.2009520668507 366.935425819758 571.0057694512216 421.3473575635623 533.0260597640154 413.534009574405 nucleus 0
586.5257402088173 418.576674791339 600.0670556881232 450.7247357763797 552.2332949815609 470.86979888178206 538.6923043840943 438.72201317387623 nucleus 0
484.6703518395225 452.4486553299847 536.7255888638465 447.25044972910155 540.6856584843626 486.9005775949435 488.63042668926937 492.0987470465059 nucleus 0
447.2748086791398 540.6311455702353 455.6200192862889 514.192756610751 495.6396080968261 526.822133462153 487.2946555987437 553.2603030065961 nucleus 0
415.21053135875263 591.2826054398703 409.8588316371024 554.5149145677318 477.3181733891397 544.6980855265293 482.6703086245834 581.4652439421095 nucleus 0
337.19418363856676 525.4575802312818 330.9508792602719 482.56198615889565 383.7834826362814 474.873735768873 390.027137715806 517.768904762574 nucleus 0