328.404426755078 412.38883512170855 351.15679739079496 415.68095286713856 345.3289551712078 455.9525792448363 322.5765891548508 452.6604831463884 nucleus 0
146.3408893445012 512.9165652762256 125.6466669326619 501.590418038699 161.63864297697728 435.84066566114046 182.3324164814403 447.16665987913746 nucleus 0
151.59203432012873 451.4919636650335 128.8077349930245 481.7288767263721 75.8343393450923 441.8176857409194 98.61850073262758 411.5811081069754 nucleus 0
84.91955316458188 495.70892236126383 63.46504986555374 490.71282144188194 75.04898534913082 440.97761507373747 96.5031237633957 445.9736718859009 nucleus 0
65.66802322391595 482.1699153999618 30.485620803156053 448.203904087518 52.84152334854298 425.0510879217343 88.02372629375895 459.01691600471986 nucleus 0
0 395.32669699999997 14.93063 395.32669699999997 14.93063 422.751337 0 422.751337 nucleus 0
51.170269224385265 328.9846462549469 67.71744009987742 331.3790264168996 61.415998895608936 374.923339730552 44.8688310176658 372.5289733788503 nucleus 0
124.1722408773785 233.11122534324977 140.71939139801543 235.5057070494923 133.70276398098213 283.99204390659247 117.15561590383004 281.59757346586764 nucleus 0
212.67853505363746 234.3923161158583 235.430862751964 237.6847184209691 228.3852438008762 286.3714813918848 205.63291947037214 283.0790948031763 nucleus 0
221.6986483810615 182.26511173898277 246.16648521878233 176.3111518486552 260.87283720662526 236.7451856226393 236.40501067682635 242.69911662532903 nucleus 0
306.3875267986441 389.8167662782003 331.08930909824267 386.9623633522955 336.71505034675647 435.64113795600315 312.0132717150409 438.49551944331614 nucleus 0
195.80947583650413 153.3566585670204 223.6968859062472 151.1598776645202 229.87898918203427 229.63770099361386 201.99158059753245 231.83446954285128 nucleus 0
94.73033066096832 173.63591985664846 85.6564078192605 150.36263901721958 122.38163135494688 136.0442428441725 131.4555755166657 159.31747055722795 nucleus 0
49.56278852230753 96.66784417986726 36.69340894841298 72.83295288653 72.67855833968497 53.403269762875276 85.54793937306385 77.23813195163974 nucleus 0
82.68647004202649 52.83180000667435 111.64394966821419 57.0223189013391 103.88314724215888 110.65107109346195 74.92566919521778 106.46055900413016 nucleus 0
126.93687359300384 45.762876151076526 155.11553525320778 40.10106924449143 165.53750556100567 91.97079290225506 137.3588464000204 97.63259214766877 nucleus 0
45.97936308091448 2.8090481200981965 72.0655791326135 1.4761659202500368 74.59250855012215 50.931398855857324 48.50629258049594 52.26428035739077 nucleus 0
105.82360400003381 -0.0000010641885157561826 105.82360555672494 17.190560000233297 60.55682700178295 17.19055916090825 60.55682803642412 1.6476573301707063e-8 nucleus 0
75.81521035754122 570.2229873168357 97.31156229710905 588.6949480804468 67.38092155712366 623.5167927973748 45.884744968570885 605.0450193117056 nucleus 0
294.72983558000124 411.3892638964992 309.47205273463624 445.62204676982736 265.7416018188087 464.45139644648964 250.99969739079825 430.2188787256958 nucleus 0
113.78889104307746 564.9788962102614 86.6267188290658 554.5367216730008 107.41063029367069 500.48601568164486 134.57224785073777 510.92807196176915 nucleus 0
127.00474785269762 577.6197631730615 105.44055690646928 556.8026246414743 137.3290757806535 523.7773998166856 158.89305437391158 544.5943428731928 nucleus 0
178.8086127461429 562.4451023928559 177.54327899565396 589.282015614136 132.45766026659112 587.1564803459328 133.72323986899573 560.3198269082235 nucleus 0
190.9921633506019 515.5808372461541 217.88136432798638 519.4712534151075 211.55091344204266 563.215792001295 184.6617198707827 559.3254103436412 nucleus 0
242.17898338567466 584.260015157822 240.7238614668313 615.1225379257711 186.97149968371377 612.588407568949 188.4269724427577 581.7262556881118 nucleus 0
234.28379216304165 537.4580272195623 277.7202283877705 543.74243303905 271.62176330682996 585.8839089513203 228.1853390033939 579.5995590264328 nucleus 0
306.085241968176 620.2089467278056 283.20868238122785 613.4854247025658 298.7225525656686 560.7147400630755 321.59859731087636 567.4381817895467 nucleus 0
311.64616372800083 571.9687727268408 340.6038103523315 576.1582264921448 334.4583310337475 618.6249862678189 305.50069285425707 614.4355721729933 nucleus 0
369.7684174909955 577.966768955579 343.82043037177937 591.2493281631921 316.61621738036047 538.1167409839608 342.5636736236629 524.8343455738636 nucleus 0
387.60857074768865 603.9071219792223 360.7472226425307 605.7525298388739 356.63492218081956 545.9044372631784 383.4955876785534 544.0590528429992 nucleus 0
252.36853569927916 361.51946504376247 277.4296952208533 346.04451945557605 305.10801010241266 390.8641243077006 280.0469371415966 406.3389563372848 nucleus 0
409.4951701870741 585.769546288572 381.32176298582635 587.2087295423939 379.50222341787594 551.5938803664502 407.6752064150787 550.154707970025 nucleus 0
412.3753265365667 529.5253395984648 388.37573306773265 530.7513679717877 385.85948847008694 481.50171126534957 409.8586334146239 480.27569444730716 nucleus 0
412.19390253208985 402.4872255060395 434.9462655006937 405.7793704908953 429.3599969171919 444.38161111481924 406.60763824766036 441.08948632755437 nucleus 0
424.7632568573317 380.3814605872536 393.0387081664958 378.9109080559924 395.4033933952451 327.90657329863853 427.1275160744699 329.37711593931766 nucleus 0
531.059312003199 568.792013378286 554.6471841174935 554.2288117848168 576.3992833446537 589.4519357869536 552.8115111215448 604.0150075873864 nucleus 0
564.0003769203031 535.4520618059196 592.9579875803756 539.6416721945731 586.6565425066801 583.1858122358644 557.6989400273305 578.9962401581698 nucleus 0
624.496565526133 277.926394267608 633.8043507133989 279.2732667615298 626.3305668052635 330.9186728331628 617.0227833020908 329.5718082690398 nucleus 0
590.2971696739405 251.58932507193614 621.3230724921596 256.07894347825123 613.8618414387747 307.6375399576872 582.8359437008476 303.1479458487295 nucleus 0
256.2073452347249 382.49292905124094 277.7704432272003 403.311207901392 235.13898063625675 447.46207722250944 213.5760775792005 426.64399579512053 nucleus 0
633.1437005040061 246.0786341979247 626.8503733557009 245.93216117708354 627.3777383986453 223.27509701475344 633.6710410589149 223.42156975355724 nucleus 0
633.6697902266314 223.47724202935728 620.7744312845898 223.17710746705075 621.9180397534365 174.04510450950738 634.8133059999964 174.34523800000034 nucleus 0
553.1698380000307 -7.811724432753109e-7 553.1698386028438 11.834341976386437 513.7580664711277 11.83434156362766 513.758067000017 1.6773450251368222e-11 nucleus 0
206.4427829948545 498.90497960847904 183.42320424853824 490.3205511204676 206.6682939063321 427.99866857887304 229.6873984994454 436.58299940884143 nucleus 0
233.67256000878115 308.20422081455706 256.42490648642706 311.49651385868475 247.94894811457198 370.06723245903805 225.1966069979244 366.77496403711143 nucleus 0
211.82421324738243 339.8875316653748 231.11725405942707 358.51465349301634 184.32486380959745 406.9746970726141 165.03199372840754 388.34774852334016 nucleus 0
202.09665041540575 372.7198063312708 219.72583938499156 383.82084666389824 182.20499012168148 443.3991058237811 164.57589343750442 432.298184018161 nucleus 0