286.40215386709315 424.3077699216857 275.5493603354262 396.4865746655186 328.1668113634805 375.96332455443417 339.01969866048603 403.7842875254083 nucleus 0
268.48183928195795 276.91195549487264 258.2738005171268 249.17505953936052 316.8674991597072 227.61168419446346 327.0756111603987 255.34842000726377 nucleus 0
305.820706164086 189.910693065176 326.18806492704607 216.48671560691767 276.6237243780779 254.47031096541286 256.25651394606393 227.89442434307733 nucleus 0
372.9534182250063 162.36908854442817 359.8725195415318 135.71111122789387 434.3244802634581 99.17841241239617 447.40540054837766 125.83628311940153 nucleus 0
381.9567769677815 37.20328878380658 371.98901180665416 11.648241489408765 434.0574853693397 -12.561612124039485 444.02525231285836 12.99342248746392 nucleus 0
0 468.969383 15.950492999999998 468.969383 15.950492999999998 501.302224 0 501.302224 nucleus 0
0 424.402642 27.953571 424.402642 27.953571 469.292684 0 469.292684 nucleus 0
62.22681511571864 334.2145598919242 64.73740681867639 359.99159981698176 7.557204327677027 365.55991018577583 5.046821259238641 339.78306234317495 nucleus 0
53.15953901641478 332.8011629978249 15.060354225861374 350.1892650470237 -5.480081794084981 305.18589148920535 32.61872163726366 287.79788999240014 nucleus 0
52.97705185839732 328.2312558511666 27.23065506936109 296.12256441044696 54.61669749238354 274.16459658717946 80.3630276217882 306.2731610444798 nucleus 0
60.91496500885114 245.02961123242665 89.9345040476328 251.7686129170484 82.49309808641556 283.81120694045217 53.4735662672756 277.0722270093574 nucleus 0
461.54038557571766 422.9261420196202 483.597315344814 448.7603174117546 441.6302766689478 484.58547995871254 419.57359976928274 458.75154425791766 nucleus 0