413.3068389999971 640.0000000000302 413.307140637844 613.1413238140578 445.7034921691229 613.1416594410412 445.7033931600745 640.0001332333018 nucleus 0
580.7441495433886 565.3714908068856 630.0836534940026 573.3903321993511 621.624455946876 625.425817072285 572.2849743887491 617.4070690939586 nucleus 0
551.3357873397035 533.7438714062612 519.9221412985935 513.4990561442247 549.9154129702947 466.96810080712237 581.3285728844494 487.2127057986341 nucleus 0
603.611153939346 463.52475585713455 613.7747949394543 479.5187611923237 580.4207011569088 500.7103123891861 570.2571890773106 484.71642030360636 nucleus 0
608.4957672382734 438.95279114938137 594.2139889165992 490.06707178491126 551.2855378486711 478.0740833691087 565.5675528874417 426.96019343283297 nucleus 0
613.8497361590998 458.6451517407628 644.7601531927648 463.6692523678078 638.9513723130949 499.4013237902166 608.0409633059026 494.37725561435957 nucleus 0
431.13204124012555 571.8867346806503 453.0607090540434 575.45063062202 445.6576800207404 620.9896269828616 423.72902096605685 617.425767509973 nucleus 0
640.000119315373 436.73341999999997 620.3210723884695 436.73341999999997 620.3211892917898 397.709615 639.9999986051989 397.709615 nucleus 0
498.9543999774469 183.5645214032576 478.84661295356636 158.04535486380058 506.22347103984794 136.47424598672893 526.331231116128 161.99335865732468 nucleus 0
475.2443737348949 137.0571401648344 490.6916585144063 108.7616469664139 528.9247488045658 129.63388974244072 513.4775351824646 157.9293217392783 nucleus 0
388.35376174072735 49.58197712966253 392.28076752871857 35.52542810751717 425.4327469960117 44.7871416129407 421.505751036384 58.8436823255451 nucleus 0
362.26243819612137 25.33184784923204 361.0740656394046 42.32645080610763 331.4121647315187 40.25229257685869 332.60054300000775 23.2576959999804 nucleus 0
309.5461118035746 491.8310867960489 338.6934602438123 501.7841219142449 326.3314734488813 537.9789432238165 297.1841602650966 528.0259810586747 nucleus 0
343.7138808252348 410.7596002942134 362.23609616230533 431.06267885817647 328.33100746691343 461.9892792708094 309.8089494427404 441.68635238258526 nucleus 0
308.07164799138263 435.00702244255467 295.5671465206251 393.684650253373 333.20101619341585 382.2977281593811 345.7056575880415 423.619854293533 nucleus 0
379.1222092974931 377.6275045646741 368.4112499960611 415.9634295117204 329.0855063856725 404.97697264395913 339.79660471115494 366.6412754311782 nucleus 0
409.99470030670636 328.34761282913314 431.91702330506814 361.6772115624741 385.78711899499467 392.01562594673624 363.8650756503921 358.6862744624459 nucleus 0
233.00054266874213 286.9095847991962 271.5411059798498 266.37773156032654 299.1342626921687 318.16988388916235 260.5937933003588 338.7016015402614 nucleus 0
234.16928939019272 129.5152286789216 262.2033015152556 144.61112740933294 234.74801573262084 195.59626898835137 206.71404040316702 180.50042314601643 nucleus 0
468.9428177339869 643.9008846710722 444.82110476375965 639.9807094032257 450.8398539831978 602.9581318792848 474.9611564820225 606.8782731742841 nucleus 0
442.45676964637823 599.2068273719556 449.5986972841638 573.649837112821 489.4958541453525 584.7962269238734 482.3541987982753 610.352983824036 nucleus 0
477.5872583741875 586.4523742343406 451.89044086117065 553.847302652146 477.1791918348754 533.9214381738982 502.875901953812 566.5262907691873 nucleus 0
511.00588240253273 580.5441799611153 537.9324108955916 597.8958790622546 514.9268755716912 633.5862095946541 488.00047878030455 616.2346769476029 nucleus 0