0 225.396412 6.949023 225.396412 6.949023 250.021858 0 250.021858 nucleus 0
332.9952229162882 302.98876877361295 375.1709371122706 337.035890759513 350.7217910612235 367.31947119832 308.54622607512283 333.2725144407422 nucleus 0
400.07590815504955 338.87131378108495 451.3461545643804 327.66232885630177 460.79347090584633 370.87079511249925 409.52324486439466 382.0797146622805 nucleus 0
404.7957597381901 299.03315426218734 440.68491166362946 291.1867382498589 449.68236533786694 332.337777659339 413.7932256529166 340.18415491880495 nucleus 0
437.6714070005255 289.6891340972114 481.2510804369231 280.16131243465065 492.94775697781006 333.6575637326424 449.36810223327484 343.1853250973748 nucleus 0
520.4672650311113 262.96290968197764 530.815019220754 310.28652336879503 489.7987420730351 319.25434362570394 479.4512351279991 271.93094560487293 nucleus 0
612.1953275759734 454.70881325380583 578.7719342321361 451.30282636076765 584.1397058503935 398.6385572302364 617.562541506195 402.04451546179604 nucleus 0
510.4491009611229 240.56217657679738 490.7170401129406 280.27868366920126 448.52977556874976 259.3199182062524 468.261867097317 219.60358449236497 nucleus 0
440.5918881332036 241.62096663805914 433.3937371834327 208.70019078306782 474.40980301165837 199.73229842052245 481.608034706951 232.6529616985432 nucleus 0
412.121883440268 221.97486837226586 403.12425707714283 180.8238896185951 449.26735948683927 170.73502674840682 458.2650871945225 211.88586171952423 nucleus 0
383.51612794343964 189.42297406066325 374.0687540273211 146.21443756983783 425.33879851194797 135.00464253834133 434.78627033422526 178.21304344676315 nucleus 0
0 263.911458 6.142327 263.911458 6.142327 288.368141 0 288.368141 nucleus 0
316.8146949297079 117.77045292443253 365.52125440161035 107.12113118378906 373.61896026421164 144.15700719068008 324.912407013544 154.80630922744868 nucleus 0
412.8354567209317 126.95874978732407 461.5420159033238 116.30944580686558 469.18984372969135 151.2877490014386 420.4832907310629 161.9370331900498 nucleus 0
358.47139577577764 115.54002654986598 374.5490020677971 83.1782798603888 428.7896516385081 110.12529028781104 412.712142414166 142.48695390639517 nucleus 0
297.30422782042297 81.48393777603077 312.65094462869456 50.59314866344015 351.82476798152493 70.05485411270155 336.4780953020818 100.9456057301677 nucleus 0
274.8058981511713 73.05779113534882 269.40743395294703 48.36721466158917 305.296452775292 40.52028582954432 310.69493058210355 65.210842524692 nucleus 0
235.81045249091403 29.8421130834647 279.38998089033703 20.313680885900197 287.0378081923991 55.29198795289739 243.45828162353428 64.82041475311465 nucleus 0
207.29779697918275 46.855809874873415 202.57414202089421 25.25155727713009 246.1536669999623 15.723126000003884 250.87733025655325 37.32736737445334 nucleus 0
548.707585962984 198.83094845763935 544.3373239615903 224.85405212559786 487.02131358746556 215.2286483188706 491.3916676952067 189.20565963978686 nucleus 0
478.58677366166376 108.2708199152443 471.3888095144648 75.35004868656269 514.968323860885 65.82164939064215 522.1663218059257 98.74237242826167 nucleus 0
553.7853566862759 132.79123838284679 593.5196612869913 124.10366792803158 600.2677306648548 154.96685690909197 560.5334309588943 163.6544127141542 nucleus 0
28.39473114530847 295.90879162897915 53.95579231408192 316.5434124454035 21.250385349922 357.0538038667297 -4.310556910204468 336.41931412533387 nucleus 0
492.44876594319066 68.51535887936477 493.8884749130375 37.351458974042814 563.7187218145846 40.57744102547103 562.279058962813 71.74129702578819 nucleus 0
86.69272648432525 306.0636142810088 96.14089799419162 349.2721166502943 47.43385386515001 359.9214431274854 37.985989099615836 316.71320800520056 nucleus 0
82.0156760563259 309.2417764047356 117.9048407854134 301.3954346009885 128.25192562719167 348.7193689568975 92.36277561671159 356.56566425645366 nucleus 0
36.22964588110335 271.82312379649767 29.481295524456073 240.9599208101557 75.6243499116681 230.87099546638206 82.37279731256422 261.73406383620375 nucleus 0
119.25428694390575 307.56750672243913 155.14345020012115 299.7211230938053 164.59081546017842 342.92988592678614 128.7016660739755 350.7762274119387 nucleus 0
192.92509057624557 349.6697409844938 187.52626463858178 324.97917341206454 233.66935098070826 314.8903311574899 239.06827928694838 339.58075363005497 nucleus 0
248.1082452008559 344.0719868000292 241.35971128212987 313.2087833938316 279.81238235661294 304.8013781854162 286.5610205401754 335.6644347807543 nucleus 0