486.3454713125975 263.818177691278 513.2200662694959 262.5596674118561 517.6369718445494 356.8732052353398 490.7623777532717 358.13170170034516 nucleus 0
529.9673599698144 317.8088725532968 508.6781421714113 313.5640390216909 519.3797458949848 259.89627841140145 540.6687235424761 264.14108743836744 nucleus 0
563.109508149646 227.6028711977696 559.4521620283922 260.73606828690254 516.523560198184 255.99754320120843 520.1810184500937 222.86447509583454 nucleus 0
573.2349502973375 205.50277183715778 570.7029305610922 228.44116085553486 516.1531441059196 222.4198235845594 518.6852511046891 199.48153631486463 nucleus 0
608.7807576044725 269.6580422321018 588.6980207169108 289.7297499198605 551.003257033517 252.01608250202466 571.0858889634255 231.94447940520342 nucleus 0
640.0001560836245 334.12096800000006 605.316486648444 334.12096800000006 605.3167203942576 271.472552 639.9999041829142 271.472552 nucleus 0
387.1033506436652 135.47470725098776 416.04521804576507 134.11931258828486 417.77603280279436 171.0769536447138 388.83416560987826 172.43234544321484 nucleus 0
383.0945063012041 122.60066966503224 386.47052233201975 92.01621944187012 419.32024617308343 95.64225678401698 415.94427525218634 126.2266651972239 nucleus 0
357.95001539860095 88.07586636313026 384.82460498395085 86.81727390025551 386.44927631634346 121.508447960568 359.5746868572314 122.7670387219438 nucleus 0
640.0001315959526 498.686716 622.3908749154361 498.686716 622.3909848912444 459.5594210000001 639.9999966561882 459.5594210000001 nucleus 0
609.8956903438375 479.7726909507236 636.8231700274919 502.11390234680994 609.3734244524239 535.1921418827518 582.446111233512 512.8511116393065 nucleus 0
564.406343061928 470.75077634766626 599.5500511629507 469.1052053427127 601.7666373618704 516.435462831176 566.6229302561987 518.0810195198158 nucleus 0
607.4655658485426 460.8269878099046 586.1811313390353 477.4418627978456 549.2091671497474 430.0859077897262 570.4933217079088 413.47120014353914 nucleus 0
511.3690611917991 408.43176659527836 535.0182606033195 389.97072799714306 569.2897246602661 433.86803920459835 545.6406677921041 452.32891689127905 nucleus 0
532.0175197417848 432.44179726901046 501.2734899345378 456.44117601539364 472.6214033438009 419.74157163235213 503.36513350084715 395.74237161074984 nucleus 0
452.0854759345093 381.250076711811 476.9169177090225 361.86574057626734 502.4649232327647 394.5893658730079 477.633584234718 413.9735859870572 nucleus 0
485.4992427556135 282.8647099674003 508.3542709892936 300.1505954139065 460.4175783411483 363.526482773931 437.56269344907196 346.24076181094995 nucleus 0