76.02756557003886 164.32577852739615 52.41181373981817 145.79868438995248 96.72698551396024 89.31269693597443 120.34263410481799 107.83972889232993 nucleus 0
22.56539901769429 208.5691685185609 5.586712799267843 178.51626245541974 47.92576749176078 154.59698279530295 64.90445672890928 184.64979077821516 nucleus 0
76.49917273971369 166.73526907681705 97.91566442676412 193.64107013100352 46.41295215275022 234.63483588049087 24.996602579412865 207.72916614348233 nucleus 0
0.0000013016688171774149 250.94506425247425 -1.940058231484727 220.7602673013972 45.12965427376912 217.73502612117625 47.06982885778416 247.91970184662986 nucleus 0
46.97698951815255 241.43080041282533 48.77861418557586 269.45956901027455 0 272.5946400000204 -1.8014855257206364 244.5660049531651 nucleus 0
78.0459869121114 241.59888159383837 80.26335165348428 276.0957921289364 44.767454611937865 278.37714404229257 42.55021585580835 243.88035374953154 nucleus 0
4.901150613368372 306.91902009743796 2.8225028105225647 274.5781151358949 57.79843393698684 271.04480632329773 59.87725958664669 303.38551880896244 nucleus 0
0.13857677033229265 331.0396444849913 -1.385769166663522 307.3230038572193 36.88853201994789 304.86313066907036 38.412977979605785 328.5796641695594 nucleus 0
94.01774922655022 294.69632481634216 95.68087095816736 320.5690523274616 36.50632686287281 324.37226998557674 34.843392079201294 298.4997187975732 nucleus 0
275.33942599999136 -4.1310640344336584e-7 275.3394272771402 13.74913601569521 209.5258573321189 13.749135324661335 209.52585833489138 2.2082723047028144e-7 nucleus 0
40.008983272273326 356.62156912875776 38.06888951716246 326.4367471825369 76.29513287960435 323.9799703713509 78.23536241005058 354.1646473980574 nucleus 0
81.16643489775015 293.3574312984307 79.5035229093628 267.4846979373407 139.94034699979238 263.60037024873975 141.60340946240467 289.4729414246421 nucleus 0
84.29331824700057 296.14729616344323 132.58016141138796 301.2070962890919 127.82049780253146 346.6262618247336 79.5336593981483 341.5664893690058 nucleus 0
145.84781273697445 315.3155887864469 128.32487095394754 293.3020622906005 172.15278378876974 258.4168842962087 189.6756586128322 280.430279290352 nucleus 0
165.43288198197843 313.92092957687487 163.49280275760975 283.7360886995437 216.10525253010564 280.3546909830619 218.04549535059778 310.5393539749031 nucleus 0
134.56358591844037 346.21440490934447 131.93065531158936 305.2492463444965 189.47547410651168 301.5509280488235 192.10866952365905 342.51580149498386 nucleus 0
232.59101682931941 327.05945262947955 230.38133407193527 358.74124711737556 178.90924529572658 355.15133058779696 181.1191193216655 323.4697446271541 nucleus 0
217.28542578093766 306.2964960029873 209.83599051040073 277.47277338345987 258.1564913985494 264.98513571994397 265.6060253848409 293.80870578643396 nucleus 0
241.2002420792851 315.5461015629614 239.39874335730565 287.51727239798197 307.1314530716336 283.1640309471153 308.93314869579626 311.19264740464797 nucleus 0
300.85899886733387 311.7115333071955 303.07649286434753 346.20850402486843 258.8607571554894 349.05028511586204 256.64346204728645 314.5535028460209 nucleus 0
168.43836493135314 68.74195032581135 152.33818565196998 40.24337254382105 196.75391004879202 15.150885045658942 212.85409024909313 43.649440322642036 nucleus 0
304.64697568262636 341.44824658084644 336.83820773767366 344.821386501391 333.3163035333564 378.4291561623258 301.12507377583825 375.0560314825423 nucleus 0
304.64697568262636 341.44824658084644 336.83820773767366 344.821386501391 333.3163035333564 378.4291561623258 301.12507377583825 375.0560314825423 nucleus 0
310.30995293316664 354.4033118601028 312.66607736273727 391.05633628484304 270.0797749038611 393.79335946502925 267.72388116478396 357.14055445533603 nucleus 0
379.6398235876404 362.3282919698801 367.21464376547374 384.1170014888929 334.5199746464641 365.47435234245927 346.94515595234407 343.6857542105406 nucleus 0
339.01603197547956 369.33621015996715 348.7512985754438 381.56574279430066 319.25454742224247 405.04381175483167 309.5193528539676 392.8143455758481 nucleus 0
401.94551664470055 402.02483800858545 384.6521734633279 423.6118637651191 358.97870372777106 403.0472610526417 376.2719914603076 381.46034162250703 nucleus 0
379.98032360446814 420.9717759775231 348.5528253035591 435.03455460795055 329.92898245865945 393.41882424265737 361.3561048598058 379.35614299162893 nucleus 0
418.82846066400816 434.4489679539141 392.3116602608934 467.5488104067183 358.75049575020967 440.66607705461433 385.26717489177827 407.5664667533986 nucleus 0
324.0155174215033 461.5831260102096 331.64222246392455 432.684641017492 380.37766571076645 445.54459289782534 372.75124637228146 474.44283246487197 nucleus 0
295.85127541089605 475.98065078226085 305.0008446945867 449.8050368527721 348.7637204746716 465.09963773063424 339.61440124236105 491.27503951256904 nucleus 0
347.70523090650386 554.0306941064305 313.6742257580772 530.1169607933655 337.5491850803519 496.14856124075936 371.57979841227643 520.062099655354 nucleus 0
322.3084130026109 596.107798262665 319.53641250074725 552.9865802491064 356.294564701966 550.624214194179 359.0668800756248 593.7450936414832 nucleus 0
300.82125399996585 610.8735279999975 299.0385983285523 589.0384347864597 329.30664607418294 586.5679325714627 331.08943574326986 608.4028779685034 nucleus 0
256.7376111239719 565.7047089508724 291.61151020358375 569.3583738868654 287.57414112085826 607.8849430255733 252.7002467600687 604.2313089760495 nucleus 0
0 630.8954719999995 -0.48509391606785357 623.3492562193122 21.757692909013713 621.9197937071228 22.24282325914828 629.4659703602741 nucleus 0
406.7616826414451 281.0903429921149 410.087865196183 332.8357693009182 359.6771263876144 336.07564381104424 356.351261921227 284.3305202717654 nucleus 0
139.73645300000499 -1.685888959116871e-7 139.73645353536995 10.221617764719992 90.75653963671357 10.221617556982734 90.75654002459487 5.164629418310667e-9 nucleus 0
481.15067255479516 312.88725559312604 477.1725706929283 353.89527854654403 431.339807675613 349.44925112826036 435.3181159684027 308.44145886467254 nucleus 0
407.99732128209143 253.09340841751364 387.4132516876125 220.09858049555956 441.6020433349331 186.29373116440672 462.1860949924303 219.28838695042802 nucleus 0
468.68778446747456 213.29885702775616 456.1578611998266 195.9035013877556 503.5274250635848 161.78396374717983 516.0573248026776 179.17924858576822 nucleus 0
519.5256047187286 163.9763661386544 540.7413062347041 183.69179614591468 496.2738078756229 231.54165099521487 475.0581985534518 211.82631540516851 nucleus 0
529.9880203347857 132.11855020804273 562.1792221878422 135.49195169697987 557.5630888257729 179.54136410731294 525.3718882725661 176.16797124367994 nucleus 0
594.8171444865875 95.80500757940578 618.1803345060325 125.1569402039998 570.4666554643336 163.13492291550932 547.1035602079064 133.78307730345284 nucleus 0
89.96094469446689 -7.954709258708394 105.94062539872539 21.820037668858756 69.83310369112587 41.19841543000984 53.85343126799853 11.423675572492424 nucleus 0
135.88851656546467 41.86624008073987 142.776567758483 73.14099120782653 88.66701315193495 85.05816194435934 81.77900905837305 53.78345208566222 nucleus 0
77.2384348455671 107.54429353306962 34.555857819214 90.0563014873293 52.32240233999619 46.69422783215923 95.00488177320221 64.18219753847764 nucleus 0
114.88485277397558 114.2057409978685 98.3360116527183 93.4147614424102 150.9488039349526 51.53716916362861 167.49762373459816 72.32810650883101 nucleus 0