0.1595728352549486 232.12885668926452 -0.3925046805670718 184.82776271270208 45.021744407495135 184.29772360294754 45.573986466624774 231.598651579353 nucleus 0
177.14498727684258 502.7955236662543 210.15376847273728 505.48071513248647 205.4710090244771 563.0334963772439 172.46223155096231 560.3483356704375 nucleus 0
147.14337362391234 409.79135032895897 170.89652552938787 430.4370954891346 125.0243707964546 483.20548395685864 101.27144428413885 462.5599788235808 nucleus 0
98.28315800063137 518.7332841327571 64.31863148129196 548.7424878363871 31.64482128304371 511.7691240676499 65.60897067800397 481.7602061717132 nucleus 0
413.42236505523033 429.16853168159946 385.9189936045732 405.2626486508026 415.70320200487913 371.000642948046 443.2063523220131 394.90636394836906 nucleus 0
382.62421866595105 419.6764588509075 383.07915078185033 458.6303833937396 341.61365126587043 459.1143219632675 341.1589860669483 420.1606623378483 nucleus 0
536.9480743434542 539.9894049535327 566.7688972456381 572.539042824642 534.1637897678447 602.403110156879 504.3432826214121 569.8537776736197 nucleus 0
417.2422469999583 619.1782780000034 416.7684729494795 609.0061141653357 453.40706565300934 607.2999846291816 453.8809205614234 617.4720637805628 nucleus 0
489.1695801362948 192.83450285160524 463.104479962858 173.57303716525018 496.4651707835583 128.42948932834727 522.530152796171 147.69089144880002 nucleus 0
622.5976731828996 2.2392274295413714 622.9224937417166 30.06334697099306 586.6690381027001 30.48656508444114 586.3442235731054 2.66245121804995 nucleus 0
56.002029837763985 110.62703654882586 34.8539965859527 146.0943743053854 -8.570649827670422 120.20183555870207 12.577379789581755 84.73457389722684 nucleus 0
34.49572658064426 140.05892736529472 66.8312357646937 129.7724609993308 84.0798083874688 183.9924207312468 51.744315156538505 194.27885204717785 nucleus 0
131.9978545509366 172.15111109267286 132.4201770642685 208.3225402044476 80.90496962584439 208.92383381065804 80.48278030932124 172.75253637125763 nucleus 0
131.32693959734752 209.7633630435128 147.2925552634115 158.31626565003506 189.61081573092088 171.44862112842898 173.6453891693236 222.89555763941718 nucleus 0
235.9285126055329 141.02570277017387 260.930434615002 162.75950119808442 224.7815911206999 204.34309098379302 199.7797424892633 182.60936977207453 nucleus 0
264.45753203595814 83.0910339227512 222.64641352070612 79.68911668690284 227.69913026459108 17.589783824866807 269.510142418585 20.991696457754188 nucleus 0
257.9272430000128 -0.000001928292799217283 257.92724864433694 31.89503910584873 209.81592611889937 31.895035654640065 209.8159295762889 0.000001527451846096656 nucleus 0