65.67489299995941 -8.640966123607779e-7 65.67489374043362 16.18065429100696 39.597798963222886 16.180653740219707 39.597799613984535 1.3214470987272833e-7 nucleus 0
417.4901784485701 119.73468418664048 442.5630095779343 122.79320330794674 437.5389181596256 163.97862705352824 412.4660882565513 160.92011464072854 nucleus 0
411.9262709933537 171.3495603922393 416.9920389217441 194.5250192469303 371.47322305805574 204.47429507855156 366.40754169049615 181.29891148874125 nucleus 0
327.67943349499546 175.54040539022776 345.80745249972097 202.7626633654833 286.5347112354357 242.23247485193076 268.4068643136561 215.01036915141572 nucleus 0
349.02164844053914 208.5033368321005 358.89222146433895 228.5185933591471 305.68694165194756 254.7556890640013 295.816488467608 234.74053481302712 nucleus 0
224.11445519501285 283.8461522252334 208.697227304001 264.54279797760415 250.4428059658676 231.20305552409843 265.8599832421896 250.5063115120029 nucleus 0
247.85377205240366 309.15520453490825 229.72547629862675 281.9331720789266 281.2549103330093 247.61953415245372 299.38317171479866 274.84139362068925 nucleus 0
203.70801622164436 349.77878264005034 188.16928224550793 326.44572222585646 236.32503033564717 294.37874988035145 251.8637310005579 317.7116473893831 nucleus 0
143.95212024530338 366.486165621944 182.710252647812 326.96947566113175 204.545612285292 348.38380376172347 165.78764152953227 387.9003331240812 nucleus 0
113.3430450718879 423.0512119813874 96.94054768588103 398.42220642676705 144.56930899548752 366.7059437541128 160.97176437469898 391.3347427990399 nucleus 0
56.35170773748541 441.0161329978249 51.56023686402477 415.37619990585534 109.86001993696846 404.4827311814342 114.65167250178638 430.12242366183204 nucleus 0
4.198915443412261 452.7824773322627 7.316918605283718 411.9099896855522 49.954188294213964 415.16216046366026 46.836486803294974 456.0343658964863 nucleus 0
309.07088858999487 334.75323269776374 303.44119286572095 304.62626567022545 358.15377231388993 294.4030518616453 363.78361757735547 324.5298210203916 nucleus 0
624.321965 6.858367999999999 640 6.858367999999999 640 42.897389 624.321965 42.897389 nucleus 0
585.2443753305852 92.06240893110049 576.8842689994199 65.28794697135017 637.8393858730851 46.25526882854156 646.199514792097 73.02968180240643 nucleus 0
585.0440127315233 77.76044920382338 582.0825484102534 116.58924719057894 522.893033322398 112.07481566200201 525.8545718607638 73.2461027304062 nucleus 0
500.86812683912285 145.2668508165765 495.04080157421413 119.46604878877567 568.1282215089595 102.95873776454577 573.9556101529888 128.75945317524778 nucleus 0
584.5233868517244 129.1084565849516 587.3291172669997 92.3232592002526 636.3414096532506 96.06154029293334 633.5357591570937 132.8466641847358 nucleus 0
591.2106888726703 203.3109656640468 561.5761901620863 248.34526189498274 492.2065518314048 202.6981815821409 521.8409971523215 157.66416747910455 nucleus 0
580.352572721531 300.15857034586827 559.5033291568689 315.85994444042115 519.0805023294524 262.18711317585235 539.9295439598063 246.48585232072892 nucleus 0
573.5980909791397 300.19287399489775 603.6855265007762 303.862861718734 596.9778180797584 358.8499395185533 566.8903870729264 355.1799767847963 nucleus 0
633.326036534927 357.0770462592188 604.434487643739 358.01228836291835 602.4046716545854 295.30518895743097 631.2957841565367 294.36995388987106 nucleus 0
619.8188932848279 338.4843204056003 641.1308328300947 341.0838548542795 635.3953994074254 388.10057373801163 614.0834628506855 385.50105587173323 nucleus 0
597.2864610452234 585.7744963060401 611.0765740000352 587.456268000002 609.0275816422945 604.2531003771089 595.2374698194762 602.5713349779805 nucleus 0
427.7267934651172 6.152060739378955 425.0770381501934 40.89359197123823 347.1069405126764 34.94673872888737 349.7567145236826 0.20523043052704723 nucleus 0
439.76184560378897 20.59886519429852 474.86380101458053 24.880846543643543 470.1297025522945 63.68902990139844 435.0277477045165 59.40705125378618 nucleus 0
443.32511118613183 67.92955169625446 464.17753603651363 73.39885063473658 452.0249249605695 119.73200352232824 431.17250344061176 114.2627136659523 nucleus 0
413.36805504368385 70.08809760683783 438.44088112680765 73.14664426989037 433.9552138769068 109.91826700973232 408.882388439597 106.859724144312 nucleus 0
380.9200640670315 85.76897427753929 416.02203088281385 90.05091841079545 409.74192407033115 141.53270553491998 374.63995901562157 137.25077083412296 nucleus 0
405.6966813321924 139.14917390543525 421.2624733013945 164.7005535762004 368.57072990125744 196.79933905409155 353.0050507766282 171.24805759260585 nucleus 0