300.1037350234401 334.4014330346945 328.7691220876877 336.6219313202406 324.6407684325095 389.9116275263211 295.9753832474962 387.69114522256274 nucleus 0
266.9460811222234 283.8149318373911 232.13796402371372 281.11849710839874 235.68886295011907 235.28465079104046 270.49666807375615 237.98107326617182 nucleus 0
259.0860365926346 174.8004597651237 246.97183786447567 199.1785686551924 211.2695417739451 181.4374079828751 223.38375176179397 157.05936379208669 nucleus 0
247.6598704058415 183.2986036917689 266.96063840376155 166.49919615293783 299.5291922796605 203.91609604610906 280.22848075503134 220.7154433730868 nucleus 0
244.59860005736118 432.3484537907335 263.97207276961126 430.74639688158584 268.06747924019874 480.26416308395704 248.69400816554844 481.86620646739925 nucleus 0
215.88002314332698 415.34141522185575 229.33372166888148 394.4234264980644 251.88386984016688 408.9250952198037 238.43026914153597 429.8429978681123 nucleus 0
204.77284439293726 438.6079860765774 231.1896179956966 443.86133374008296 222.01007802708773 490.0139236667821 195.59331696815207 484.7606186887287 nucleus 0
30.79928660648875 207.8948114552439 64.5834807173378 210.51195671429235 60.94762192820781 257.4446939340745 27.163429148713476 254.8275593796362 nucleus 0
247.92271119025827 103.77135946752392 207.27983130229404 85.02043852490517 235.02742933174886 24.877521062828833 275.67019195630564 43.628409571542115 nucleus 0
166.60430463023658 9.70359271805047 165.54446970119898 27.900292586821248 140.91465629644517 26.465769253162044 141.97449396029697 8.269072455055685 nucleus 0
432.75327287992695 65.36014516729954 438.1784615741344 39.992636295463434 469.9500554119004 46.78741422577217 464.52488702809205 72.15490477500126 nucleus 0
310.6958638413198 277.4411859247291 345.50382818531943 280.13756048545906 340.71276804948866 341.9819803025512 305.9048059259658 339.28562492849295 nucleus 0
430.845555712076 239.76340672071228 418.8551610372815 213.80745521766133 453.27762009030266 197.90650243329804 465.26803486303834 223.86237404791362 nucleus 0
460.7896897497267 235.0861228760591 458.0724503006786 205.10141909965205 507.9584175268974 200.58082979750975 510.6757660900621 230.56541144479405 nucleus 0
513.279694553712 255.68434050452151 529.6944601845462 236.782837539806 562.4417037005333 265.2203917755304 546.0270220996608 284.12181514326016 nucleus 0
581.3258551817853 170.40125942476226 572.5421399371407 211.4725156530517 529.7480794563307 202.3204719713809 538.5318838962849 161.24933965455878 nucleus 0
552.7169815666275 211.0066477014925 578.4537602571072 206.28093901073146 588.1470632337005 259.0697819847287 562.4102905975451 263.79546834456085 nucleus 0
572.946331629646 215.26987246164194 594.9457153403637 206.08487491265487 613.1204813074874 249.61439711354782 591.1211190161703 258.79935714713224 nucleus 0
586.6346763690672 201.85414489256192 596.968641955682 153.53511523156382 620.6351860684663 158.59657800720396 610.301310436771 206.91552903283332 nucleus 0
624.9570686131483 167.88689574152124 646.8511545371439 187.86916328280043 612.3405118073424 225.68048570254078 590.4464975122391 205.69829266479553 nucleus 0
602.6653415663168 232.26922876022743 604.6193047866836 199.61562786778504 641.4408732192533 201.8189367024431 639.4870128361799 234.47243858630867 nucleus 0
594.6642790750775 136.20132554179273 613.9556286311563 115.2659851963775 653.8031209075416 151.98386531564728 634.5118345824449 172.91914478893227 nucleus 0
325.3211631033628 273.42653263281693 347.95792536300723 259.20516166721677 372.21308649481216 297.8109470305153 349.57637863532 312.0322490916243 nucleus 0
640.0000622346124 382.5392079999999 625.2065802294965 382.5392079999999 625.2066500865476 349.22376900000006 639.9999991064396 349.22376900000006 nucleus 0
612.0668294141797 312.81392680550493 638.3492367294821 329.4455329018813 617.2250212576182 362.82458616137876 590.9426782005903 346.193062555443 nucleus 0
568.6980881842464 297.2479566627146 597.3634711706109 299.468488401024 593.4063845898345 350.5476284562556 564.7410032362677 348.32711041944856 nucleus 0
631.3107326636236 357.94270722138407 623.0431288880936 396.597971311904 570.117522874425 385.2790557517861 578.3853342268412 346.624079032958 nucleus 0
582.5085582867177 355.0850730202511 574.7577356227703 391.3243759594382 524.7498935438489 380.62955007016285 532.5008988392801 344.39049987234876 nucleus 0
382.8696002411016 302.9951974725599 358.29913823254174 301.091853390828 362.36375267653784 248.62635523652904 386.9339440348267 250.5296886172602 nucleus 0
510.02366229986364 364.8415479852424 531.127797202862 377.23469357679255 502.2002629408962 426.4893385644663 481.09620514798735 414.0962966691126 nucleus 0
535.0022925536905 413.13942747028995 525.1842518258491 459.0424489341111 484.3350635157549 450.30629432517185 494.15332536205824 404.4035794403535 nucleus 0
482.99942700963584 421.5114970081171 489.0219437257474 437.3041835053056 461.29781722040207 447.875148268595 455.27539004680875 432.08253774882957 nucleus 0
385.0590539305995 441.7071357444565 391.2602214834624 412.71575409939544 437.21524911990855 422.54402246114324 431.014332826162 451.5351847279721 nucleus 0
411.8295644709724 434.3554852120809 454.8276565269043 437.68604770722277 452.21731300494866 471.3809312396362 409.21922307323257 468.0503876964764 nucleus 0
479.044945249334 440.6632584961516 497.44809893534693 460.5595964300321 464.5756848320889 490.95992284123037 446.17268986177805 471.0637389132936 nucleus 0
508.92164589240565 493.9803623819529 496.74995287939964 534.074323853789 453.79801825220056 521.037178110508 465.96990398247726 480.9435540076705 nucleus 0
607.0505079819122 387.13443259874623 631.620854100911 389.037645349895 626.4011724830925 456.4148022298672 601.8308286042156 454.51160960352917 nucleus 0
619.8489849497128 446.0236347509587 638.1581118820031 462.7317425421185 611.8526351334731 491.55308745185164 593.5436177915108 474.84509344327 nucleus 0
599.7881378012971 538.5652077638708 580.4319234690047 528.2803565796893 602.1338539986027 487.4454854421874 621.4897890847351 497.7302457687865 nucleus 0
410.68279833918496 278.08097368751896 389.30364181687764 291.51234746896085 363.63183267691056 250.65169512957905 385.0108339040162 237.22038592766043 nucleus 0
576.0683230311406 488.7678536283157 597.1734012346133 505.4923843582771 578.4816641956422 529.0753110641118 557.3766710934433 512.3508754491155 nucleus 0
549.5576198787603 517.7294052428927 578.2230274322501 519.9496366154538 575.5923838805029 553.9067084163463 546.9269781959156 551.686492133624 nucleus 0
623.3762377041421 611.8161317882051 594.1115869444911 622.1504120230699 575.0350891753624 568.1427997641492 604.2990676616319 557.8086496996599 nucleus 0
630.8548231570603 633.7298873569587 609.6866436043638 654.7406327426659 565.6120065612049 610.3481160703147 586.7798827207298 589.3376698608679 nucleus 0
488.1809007926495 622.9273476030078 497.48436250047234 579.4406761496556 565.8909142532502 594.0714034158448 556.5882439034613 637.5573831832239 nucleus 0
406.19872436174774 241.1536927512911 447.14926387838204 244.3259731788482 444.1761193997081 282.70399053924865 403.2255813061056 279.5317220145858 nucleus 0
334.3230179728562 211.75351575876556 365.03592233792006 214.13274266557377 361.5287397887005 259.4043726531903 330.81583656181465 257.0251552313639 nucleus 0
330.0886608658766 201.70475728580286 349.7995810833527 227.157228211817 301.92603184172185 264.2298335825875 282.21525565109914 238.77749477002865 nucleus 0
236.76118115377903 212.92846125422335 229.52742704277625 246.75182627231638 185.67959785337735 237.37438323230893 192.91344294477312 203.5511460672154 nucleus 0