330.4790340472391 295.6415722609488 371.1204225685651 337.36547187257906 341.49218794838816 366.2224568645995 300.8510127394402 324.49876831068303 nucleus 0
402.11452741343237 389.3962767286715 397.71822259179316 342.40150995974966 453.9133404138556 337.1449976429021 458.3099651795055 384.13940560043073 nucleus 0
407.34130344011646 301.0104979078229 446.47362328854797 296.9061988950122 451.1796998905629 341.77283614126804 412.04738355729205 345.87711296726235 nucleus 0
443.4834744665568 295.34049416038084 491.00129049315 290.356690775576 497.1274297824857 348.7617852490216 449.6096191772813 353.74555358776973 nucleus 0
490.1226192521426 281.9796906874436 534.8452672532585 277.28902475607885 540.2580803776073 328.89351878173886 495.5354363254446 333.58415716620186 nucleus 0
609.318229345663 491.0157780209349 578.9814382248733 488.8947508839419 582.8788327077928 433.1644084392033 613.2150437577366 435.2854152277607 nucleus 0
526.8524151700694 252.63630599182648 501.1418333243637 292.1432649699679 458.6806735744176 264.5113462853822 484.3912234691379 225.00457942672458 nucleus 0
493.5679978618282 204.7623952108991 496.91763298600563 240.56787872342153 452.01656872130116 244.7681084651701 448.6670802300796 208.96276185314872 nucleus 0
423.94120329612633 220.30540766974627 419.7544248579652 175.54856820428765 470.30256445556006 170.82016249646958 474.48949056415586 215.57683637168657 nucleus 0
397.60944233159535 182.13501969155456 393.2133826955396 135.14036198521762 449.1070025211957 129.9119363581932 453.50319945064257 176.90644021744592 nucleus 0
388.63245006185025 92.67791782908071 392.4006012798054 132.95904121528326 339.15444460515573 137.9398725546258 335.3863935411209 97.65884361424993 nucleus 0
489.9114595430001 114.80772786763596 493.4702817410289 152.85101605778448 440.07326703722356 157.845927369919 436.51455619357876 119.80274153140437 nucleus 0
379.8215761022584 100.71691433816963 400.7704081740667 68.5257710789682 455.3632221523003 104.05255924133436 434.4144806325494 136.2436224173379 nucleus 0
318.6938986910536 56.77187443219772 338.6903999678907 26.04391057473154 378.11857177068305 51.702113630730146 358.12210386488005 82.43004819749181 nucleus 0
334.56261143946904 27.310090259997793 333.01532134471927 46.26531853079175 292.73661757455557 42.97740675859601 294.28391679575725 24.022187146457576 nucleus 0
504.8202639962983 222.78313368964004 512.7261638466734 195.85421346547108 572.6802325440804 213.45510968972448 564.7744919919205 240.38389404435463 nucleus 0
508.327732212565 108.5701943121491 504.97835015783494 72.76476549843814 552.8286736863083 68.28867374801776 556.1781068942946 104.09404471411092 nucleus 0
585.8838624320924 144.2220753480048 598.4620997197635 142.90276179761483 601.0545650000131 167.6187050000002 588.4763280432526 168.93801664484096 nucleus 0
0 263.092963 25.416015 263.092963 25.416015 300.596203 0 300.596203 nucleus 0
593.6857505515218 48.46207551752343 591.2818411167245 77.91168040332255 529.1366275304608 72.83884844846315 531.5405747187469 43.38928556576189 nucleus 0
67.8492780210945 267.1601452143388 72.2458057582844 314.1548682541523 18.92418880124751 319.14267793508026 14.52795697390684 272.1482285704915 nucleus 0
67.30196459851868 321.3895728201721 62.48701520249597 269.9192195327114 101.64017595569021 266.25675986064203 106.45532277951133 317.72689380031164 nucleus 0
17.622139878367307 224.4529311262587 14.48203983833082 190.8853065119085 64.92961308620579 186.16627318866853 68.06982904498 219.7337681126787 nucleus 0
102.03776225607726 273.07103332094164 141.1700793296768 268.96668633728996 146.11722015841224 316.13160168230814 106.98490649243467 320.2359273280286 nucleus 0
223.2954752407386 295.5100309314259 225.80780075128132 322.36417126857236 175.28471392637584 327.09027667502426 172.7725588762405 300.23629478972896 nucleus 0
273.7430724447768 290.79093336150333 276.8834763907216 324.35859755767666 234.68038438586518 328.30641234097857 231.54015735599387 294.73891191491197 nucleus 0