408.52091100001417 -8.435552702976938e-7 408.5209117845079 16.122184361807555 378.83020329369174 16.122183694989264 378.83020399996894 3.5767325239733165e-11 nucleus 0
574.0403026411514 100.74553867767654 528.8032113826921 81.00499482316387 550.8652503115445 30.44831466037289 596.1022416360356 50.188834158152446 nucleus 0
477.7019398244738 134.9505295493473 509.31633455205883 118.37686943258203 536.6060128281242 170.43138300132156 504.99165546170843 187.0049884454754 nucleus 0
525.6883283036586 171.93749370111814 537.4170593085 158.1399941175727 569.9138065478473 185.76361785227073 558.1851171291783 199.56107827558992 nucleus 0
561.8512286865734 225.23229028470672 519.5693011464027 234.58672066568028 506.9087740771647 177.36216825453187 549.190349651326 168.00777778982334 nucleus 0
568.4201972320443 208.05279394029867 564.6663890958735 172.3381856348237 601.773358590217 168.43812964649885 605.5272486960894 204.15264469256567 nucleus 0
613.4605570307758 111.65727241572822 638.5569663910428 109.01956390349831 642.5994681073644 147.48140281207208 617.5030596346187 150.11910640734794 nucleus 0
640.0001034494198 189.837013 609.2050712444325 189.837013 609.2051479758084 137.409396 639.9999891792686 137.409396 nucleus 0
636.7066569170856 219.46439536699688 608.366291032944 225.31864956977915 598.6492108857783 178.27941033924384 626.9893820663856 172.4251768815642 nucleus 0
386.84454189497046 13.260199369762375 408.67219640422263 10.966022341002672 413.58094762770634 57.66967815040073 391.75329335877905 59.9638537955553 nucleus 0
595.2054807521927 229.35776681613714 618.8139443274849 213.4886872841334 645.5458802158682 253.25623457596419 621.9374723043438 269.1252456511991 nucleus 0
619.5507705858472 265.7990947547631 594.259253814962 284.7120293441718 564.1189061766636 244.4083834490918 589.4102569435199 225.4955407661024 nucleus 0
650.7858313887846 435.4768502721372 635.7957759180135 457.69815889262793 596.0851001951232 430.91365753476856 611.0751187094138 408.6925187135864 nucleus 0
640.0001427996176 487.007151 619.4286498121073 487.007151 619.4287687246833 450.515461 640 450.515461 nucleus 0
638.6693657771684 489.89488574654104 622.4287365850614 509.80683591316654 575.9091125950363 471.8707143576399 592.1496202128765 451.9589802199758 nucleus 0
417.2356928236695 487.0074737242129 439.3119083934289 465.34144939305156 465.3806992990576 491.8992372838336 443.30462997968425 513.5651147712579 nucleus 0
432.4201092802832 490.6177734550105 465.7679764513887 511.8323225356306 446.09484749438707 542.75091904415 412.74709708886803 521.536519390962 nucleus 0
448.2210143389966 576.2212215036039 494.059223311051 571.4046747234498 497.95733845385257 608.4928568815981 452.11913594706857 613.3093640684764 nucleus 0
320.3194641326263 590.6617124547381 350.7430919870967 574.0961692156078 371.7174145665922 612.6067899438838 341.2939011341223 629.1721711028965 nucleus 0
254.08559012234036 600.3797872579354 281.3638210033241 578.7338652601425 307.51125969130953 611.6761983276434 280.23321245855186 633.3219153191352 nucleus 0
255.66789742159017 80.57474147178371 284.5575166872004 72.81814553276676 295.4441393465095 113.36537674888093 266.55452441344096 121.1219609858556 nucleus 0
263.497493412724 169.76209240260772 283.2761131299776 152.68575593310115 315.4901594837429 189.99676171185916 295.71159237071697 207.07304200012814 nucleus 0
254.58649394662643 182.70789678547274 291.69352163786243 178.80790342314356 296.6022753170546 225.51157132076594 259.4952498981729 229.41155077375248 nucleus 0
288.28721372570726 251.384069314847 283.9558802734973 210.17489849655203 323.24560345790815 206.04547852368458 327.57705843949225 247.25450964805933 nucleus 0
312.3078233918204 262.76859246281333 337.3869768551958 234.09370934532208 382.4877147492225 273.5370152212049 357.4087420716387 302.2117267422923 nucleus 0
185.53568079252727 281.6267464098018 233.5565630034398 276.57989772621767 239.04280843387824 328.7782254848284 191.0219306889485 333.8250441486259 nucleus 0
203.30402253428474 454.17195029326416 178.92898367244925 473.51689208522373 141.15726018411806 425.93036445690785 165.53198368434096 406.58561674356775 nucleus 0
434.7210058172641 -0.000002677913360816579 434.72100756363943 31.45299670628246 409.72649612369423 31.452994115517313 409.7264990000258 -1.1312835432630546e-11 nucleus 0
409.5041642767319 60.87578594599773 406.6166709172103 33.403037976143615 445.9064406485413 29.273530553216833 448.79394997238705 56.74626047272589 nucleus 0
462.09142827217875 85.6630170410665 430.66738233661454 104.91034983707101 411.26932157421834 73.24032599447645 442.69331304487423 53.993015171581234 nucleus 0
476.1935489667667 -4.226379851294162e-7 476.1935492607154 11.069249090444464 449.6791586636391 11.069248765374553 449.6791590000066 2.6051724611200074e-11 nucleus 0
451.33632888580905 25.353682853708143 478.4342605281563 11.147498542906643 499.3876673460909 51.115557630601685 472.2897415382613 65.32173307612369 nucleus 0