249.26141163741704 479.06168856723815 276.25022521751816 474.3612149476357 283.97847059248306 518.7266761743161 256.98966696683783 523.4271105887171 nucleus 0
273.11759251431795 464.8526125061686 263.07304026129714 439.808516298817 307.9637698287843 421.80657883678487 318.0083975238085 446.8504746551392 nucleus 0
361.70305596366234 446.5778135970941 334.24181902322744 419.9235569763365 384.67438626568764 367.9707807838314 412.13530936205643 394.6247455449163 nucleus 0
328.00555328845803 415.1130090972473 312.24417400735547 394.47532266398844 360.6867346615036 357.4829782024817 376.4480355876731 378.1204841893711 nucleus 0
437.5867998455942 313.41024969749157 460.24452545934764 331.3966039359882 426.50453227914113 373.89562405957565 403.84691807346826 355.90939466909106 nucleus 0
382.86551761128067 358.5783222979979 360.5695593263954 325.7639441924209 410.6940632159967 291.7092674408139 432.98996450321283 324.52340341692366 nucleus 0
438.5430239816196 239.22104251482398 462.08027690576273 262.06841842399945 420.8596739979839 304.53122970142016 397.32255565628293 281.6839897496013 nucleus 0
466.7593365663197 192.9685798270663 497.2081041360798 211.596423547031 467.6639951890684 259.88684852667245 437.2152937365172 241.25909306884665 nucleus 0
504.5580792515102 212.40720982063596 474.10934762767283 193.77918285246352 503.4885646483599 145.75829405808395 533.9371208348894 164.3862510710474 nucleus 0
567.4540117497963 117.06903889495783 577.5453237693 144.8521115634247 519.3914977553504 165.97416334930017 509.3002913892997 138.19117974656788 nucleus 0
639.9999998725252 629.7251763381937 640.4286638596386 635.3120840281651 627.0343120000325 636.3394539999915 626.6056668876263 630.7525640049371 nucleus 0
572.7677480450075 101.32645262349752 614.6001672500279 94.03948060809907 622.7807469999971 141.00140299999381 580.9483326845657 148.28835924995792 nucleus 0
289.64633113049786 324.89615448190625 277.7885958617844 292.2511630267164 331.69972870862694 272.670124367387 343.5575575632538 305.3149064181744 nucleus 0
115.58875825765426 577.4876087378533 130.39515061624115 606.1010254655669 72.09711071802303 636.2593871321726 57.291214980432414 607.646395261686 nucleus 0
112.21631545638957 554.3558126255073 174.29066028817033 543.5452961444062 181.58728679598426 585.432969277172 119.51296736267977 596.2433883707429 nucleus 0
188.29334746791574 506.8134824839121 199.714096564785 534.6750096444935 128.01763945310086 564.0571762903711 116.59739716000331 536.1960785384255 nucleus 0
105.67150810151361 538.0824937113019 108.75797124790552 578.3084187332331 57.645637498790165 582.2287954528584 54.559634216857376 542.0033027960995 nucleus 0
69.33516771940049 458.56609908223845 90.95102871731797 407.4197063987859 180.9765753384272 445.46127323732776 159.36170456079708 496.60682666879757 nucleus 0
53.40680008222989 354.7132783374579 70.50614898529602 334.42867935336847 130.67409283205052 385.14359220616086 113.57497797376709 405.42797190904145 nucleus 0
17.069569889790728 295.49215105576445 49.45602783373033 289.8509634153683 60.205807194288354 351.5616546791322 27.819360294015496 357.2027997012946 nucleus 0
389.5348497086525 599.4821015597186 392.4500949790672 637.4734633553804 305.4480717493425 644.146251913608 302.53364401854924 606.1556532331736 nucleus 0
246.4936877553555 590.8803095018548 284.2781105016911 584.3001891323538 291.98165359899576 628.5236065974435 254.19724797793606 635.1036600023626 nucleus 0
273.2898868223856 577.704087423421 249.4726157739933 578.5699713193256 247.66121920969454 528.7497776596684 271.47800282131357 527.8839026252972 nucleus 0
270.148891740464 535.1160965528661 297.13772910246917 530.415794772367 304.31925117896753 571.6424544711778 277.3304242909944 576.3427157172143 nucleus 0
286.00947472979897 498.4590637062744 323.79383005783893 491.87849889170866 333.54458542802604 547.8544589403535 295.760248744773 554.4349509641713 nucleus 0
290.26831870032765 498.37094775104816 266.3312879647128 472.8804967102085 312.44694691144105 429.58236343511373 336.38373915113334 455.07253518758097 nucleus 0