200.65107360183902 275.9733881493204 230.58731345088745 287.5888476467263 209.1551520981011 342.821545341028 179.21895445681002 331.20616498888614 nucleus 0
364.4604150694795 369.1160732292026 334.63899262998893 358.22310819122094 356.9098214900441 297.25868092137375 386.7308072904416 308.15155784950775 nucleus 0
386.5908536880306 373.37971549194464 357.9522999879555 350.9068477655021 397.746992600878 300.1987491396846 426.38524206915463 322.67143285957025 nucleus 0
492.3073894251138 176.79833571277777 521.0677646874683 190.96356832204677 483.11313309081015 268.0219430524214 454.35282253776677 253.85681107923804 nucleus 0
610.4194299598021 188.71221074982208 638.204954584653 199.4935301909055 613.8845292947371 262.16955816667326 586.0990354784735 251.3882997878818 nucleus 0
100.75935341294098 637.3080799153124 100.23773722248734 614.8935387382741 134.07282487809425 614.1063388116008 134.59461326274322 636.5207034292238 nucleus 0
133.83974900003523 636.5381330000282 133.07765195517277 603.7832874043194 180.84268009697553 602.6722085813244 181.60512844850018 635.4266932489041 nucleus 0
270.4967759081046 633.4472572050909 243.1966817767534 630.9772090006508 248.67015109928616 570.5029879042107 275.9695089398883 572.9730026332431 nucleus 0
325.27187860760023 607.8833123701546 305.4719215178193 646.478845557775 258.244514356702 622.2569936812351 278.044537741298 583.6619278674782 nucleus 0
304.9571360313712 556.2471730749653 339.5279703237611 584.6919068512613 316.61334615317173 612.534329574989 282.0427147993905 584.0898185459661 nucleus 0
362.8332123943983 548.8082342999857 368.53617222026514 580.3097443942395 335.785868048406 586.2371307896179 330.0831588933215 554.735842126671 nucleus 0
142.49076921529195 186.8020882388855 114.72294319974026 162.38908348567054 152.20667612775287 119.75523026662268 179.97439387923805 144.16815374630966 nucleus 0