33.692596402033814 561.0934141337489 76.69491790526081 567.4036841224613 68.05494762702438 626.2669112454525 25.052644379538833 619.956724293267 nucleus 0
568.5163002440095 538.6891213732326 597.5428586816997 542.9486734238141 591.9451680000202 581.0851560000042 562.9186167669832 576.8256380657009 nucleus 0
578.8464205828495 513.2031098696792 601.4226220799173 516.5161565424542 595.8821840000019 554.2626409999966 573.3059878652421 550.949619423471 nucleus 0
621.4856442691962 370.1252332331344 587.5180133493268 368.1470227050684 589.5316680182441 333.5758815156379 623.498989685686 335.55408297609256 nucleus 0
567.1492408068298 220.57345183871467 598.2594504045846 206.75737859594057 620.3716034690297 256.54627237965764 589.2614339730062 270.36227904086667 nucleus 0
627.9652920691296 258.8718463727663 604.8848428160272 257.52761945929046 607.2681141584326 216.60978448187183 630.3483991611574 217.95400665067942 nucleus 0
230.41658160815132 580.9481856044372 217.4342167926079 549.8587744011396 269.7928092485381 527.9996934944169 282.7752998146025 559.0887419564905 nucleus 0
630.2752178414084 219.21126756328636 616.7421917200409 218.42308290633235 618.2008789129031 193.3788072379414 631.7338531427959 194.16699038135192 nucleus 0
466.73883827694226 49.92997724142227 496.84029433017713 54.34826242988716 488.70152767165564 109.79685031724912 458.60007279341517 105.37857253124278 nucleus 0
326.96350967118633 146.89451297056124 336.9710599199607 185.38698004788014 280.70541653825785 200.01481210359887 270.6980340109294 161.52248921777246 nucleus 0
236.33834147447487 105.51228645007103 242.2429508807545 70.77664817364348 319.44989704126783 83.90071644069744 313.5453969646187 118.63625555614414 nucleus 0
281.79852652931004 23.002981014702076 278.8250470019557 59.429875526090555 235.0818824848102 55.85915942958367 238.05538367923873 19.432290786098314 nucleus 0
74.74583708957653 126.28837049472054 46.84492997825146 105.44530085839634 93.43530691265187 43.07903384324706 121.33612646932306 63.92205518085226 nucleus 0
211.90611775593425 505.2250201711862 249.72075547884742 483.51688802572136 274.4708442223782 526.6222950579396 236.6563580975344 548.3302197564453 nucleus 0
278.21924052012037 481.345436423041 319.0713958190463 487.3406005059778 308.4270710978308 559.8588035021869 267.57493455705117 553.8637243208274 nucleus 0
545.8212262081361 643.0257873760412 516.6548075824539 635.7098066417489 532.4510776958778 572.754632052598 561.6166762301873 580.0705047915866 nucleus 0
589.6327009200468 621.29115715177 560.4162346325029 628.2025901319977 546.091148338528 567.6611473862074 575.3068433225417 560.7498095103806 nucleus 0