504.5203933875746 581.0724433597873 532.3913064398221 544.4483680396576 582.6390615120181 582.6776410516969 554.7686970728682 619.3012162171983 nucleus 0
307.171885128555 354.7386115831313 362.9767884615285 355.71258760957227 362.2126682761882 399.48912570948175 306.40776504558744 398.51515563780845 nucleus 0
377.02487535549153 306.42156769446166 368.8787745987793 336.5768874320571 302.9288938717218 318.7622254314532 311.0751448733936 288.60714140024106 nucleus 0
222.96231013278884 292.02905052637175 240.13721500901738 250.08788864488645 307.25720453017857 277.5719210728619 290.0826820710063 319.51275770580287 nucleus 0
223.65626730977965 342.2930362196488 264.2416512701311 343.00138768085947 263.6043597229582 379.5119131237735 223.01897584657127 378.80356512785517 nucleus 0
183.2727181122027 388.3001273342555 207.1598788461415 356.90633479766376 250.52380271190486 389.8978571299815 226.63691133660905 421.2914035980304 nucleus 0
284.2878378398018 191.79074664722097 286.5230690280441 234.43714872131386 213.99168855437892 238.23827220289314 211.75671614510065 195.5921163147367 nucleus 0
216.94150328010437 221.7928126130673 218.7509527461225 256.3161009765826 160.62216778329457 259.36240112789415 158.8129065532121 224.83929269302058 nucleus 0
156.30842652324645 231.07952155337802 158.33078442090482 269.6643484521538 98.63987854107108 272.792542518775 96.61774751766643 234.20793435912776 nucleus 0
87.6987563597504 310.02032527308035 86.3151813892182 283.6201440326612 148.11955602504895 280.3812336666631 149.5033001703996 306.7812333287008 nucleus 0
167.05092829048226 318.0796211146384 169.17982475977624 358.6952803011096 115.2782917800505 361.5199903635905 113.1496855768637 320.90460783227513 nucleus 0
625.2166053930705 542.5029489051872 627.6654278545175 589.2111898134897 551.9004339307139 593.1814225760625 549.4523944755201 546.4739266926473 nucleus 0
215.59527430865273 77.28084938991049 258.7172451366496 78.03353931070693 257.6963163846085 136.5226019389956 214.57434565418225 135.76991377604347 nucleus 0
382.219186821967 97.05896420094744 383.92208751654834 129.55139374269515 339.6113973370666 131.8735844074995 337.9085609877802 99.38121650569899 nucleus 0
54.67197345526074 281.3328964020799 91.68636405338475 294.9022965732388 76.63333867087204 335.96081066422784 39.618983021064196 322.39147832227707 nucleus 0
0 291.286184 33.992921 291.286184 33.992921 334.97991 0 334.97991 nucleus 0
84.19600574270589 619.40222857636 53.211135168603505 644.465449718005 11.516280603100313 592.9329742854997 42.50056252167269 567.8701280020765 nucleus 0
30.578822925672284 488.1399501527114 33.24019983825565 538.909528080866 0.5700774915749207 540.6215193016773 -2.090966570904129 489.8522591823078 nucleus 0
508.3377102340455 528.2651941078238 505.03826392479823 465.3109156594345 558.5132092863205 462.50887208993277 561.8132414746651 525.4625254777627 nucleus 0
571.9746305052831 447.5471156761432 622.7063624880975 448.43249871299645 622.1727068926702 479.0057447762738 571.440975038131 478.12036639397826 nucleus 0
612.2691736280103 427.3555022495002 601.0449418309872 459.299834146835 538.3003499425831 437.25598242910587 549.5247438114893 405.3119912554904 nucleus 0
424.71426657386473 439.6213709996087 461.4638810321776 416.61958823243253 490.73468205599056 463.3783748703542 453.9852323527157 486.3799445790016 nucleus 0
432.51641439994273 410.63616210436004 451.42726987927745 385.78287756517545 496.87605117323983 420.3605315747075 477.965435202932 445.2135976050853 nucleus 0
444.62143608347105 317.78728358489514 446.4309876223706 352.31058018923926 394.50106385244 355.031987404409 392.69174745320925 320.50891477798064 nucleus 0
330.9378115592699 362.4359292243599 329.23499238509976 329.9434015021279 384.5398302459944 327.04524540629336 386.2428669934161 359.53754208510816 nucleus 0