415.8417160825047 147.98530326233313 413.20428629085654 179.55833088418984 362.2923499414901 175.30540330316282 364.9298672934674 143.73247308251928 nucleus 0
548.5552775880933 341.0985574673613 577.2541341074975 371.9829033284649 542.4470187953557 404.32337797982285 513.7483707292995 373.43923499501454 nucleus 0
538.0774553361698 401.9447307207144 535.8794664310699 428.25562776422146 499.9085941577505 425.2508777830698 502.10671563545475 398.9401273850701 nucleus 0
493.17982573054906 406.03485803148953 508.45630755851744 445.7585224067576 443.9505353815184 470.56129150031387 428.67458306143817 430.8380766499528 nucleus 0
479.707687216287 373.7947645728161 496.1063095136342 407.481023278089 432.4849548462953 438.447913575371 416.0867562533531 404.76201632855987 nucleus 0
494.53991775131726 338.06858931510993 483.6363637687464 377.2799544166246 442.39447694541013 365.812623375237 453.29816523197223 326.6014770087667 nucleus 0
409.01866463209444 384.4239426717166 388.51956318067096 362.3636076438463 437.43344105292636 316.91569759032814 457.93238440201094 338.9758416943698 nucleus 0
344.90378202011925 457.3431692724517 349.52052430497133 402.0900641168096 417.4023523458163 407.7611472353187 412.78625692997593 463.01365319764875 nucleus 0
335.7744177486893 378.52644013947963 362.39469236083096 395.47080663440124 330.87363538346835 444.98530217806444 304.2534797134431 428.0410882835269 nucleus 0
295.83170109479397 390.76956983799244 319.4443560905347 396.0959975491368 308.8843406220258 442.9038102045485 285.27169865636097 437.5774220529749 nucleus 0
315.4757920776319 331.1937690059033 337.1206937572424 336.07648290890603 325.7264458418649 386.58209329792106 304.0815554040455 381.69941303116764 nucleus 0
435.9671572850493 147.0170519275558 438.60465026984457 115.44403378838766 471.4452514293953 118.1873834657477 468.80781353087514 149.76035006446418 nucleus 0
302.1103831245273 317.10958296600313 313.916693120118 319.77290690906193 303.75766090997786 364.8033300143704 291.95135604160896 362.14002163079226 nucleus 0
325.04837668675464 294.99573396851116 300.3019548678276 304.37455370937903 280.9720353138255 253.3742542757634 305.71821132434707 243.99548597863753 nucleus 0
294.8888063926279 174.96763821259594 326.37219368516526 182.07018550629982 313.27981573558645 240.10284242507777 281.79643928342557 233.00032783596282 nucleus 0
633.6956759518944 41.6597983462719 617.0000565578084 40.492326666445976 619.9132019846729 -1.1674712009459909 636.6088090000267 7.275518833847794e-13 nucleus 0
617.5069202634768 -0.000004409166630990565 617.5069250736851 33.44101677779906 568.7962982607132 33.44101156472542 568.7963033872074 2.450538464554606e-7 nucleus 0
547.3515729999781 -0.000004270557066036893 547.3515795062849 37.23063454029451 499.1554674100189 37.23062852677762 499.1554734552483 0.0000021353253070507306 nucleus 0
457.4374097616237 -0.0000018066222284104567 457.4374120745779 20.725392819576737 406.11051225539995 20.72539113147533 406.11051410713117 5.170185250985181e-8 nucleus 0
408.32548914520885 20.45751313184247 441.77652861675597 28.00417755791521 430.44414060343115 78.23557910104503 396.99310362477263 70.6889218880553 nucleus 0
210.1387608134246 225.97028588355818 192.71515525535506 207.21849104106792 236.3962599158549 166.63254287062355 253.8197978012613 185.38425610494048 nucleus 0
247.37363788379298 275.59080927829467 223.7609470339521 270.26393263060476 238.36590941667964 205.52743842791494 261.97832895639294 210.854283200584 nucleus 0
448.2176863978384 194.50280239894514 443.84351228793093 159.236652984633 475.11929139727727 155.35750731867995 479.4935270638234 190.62358438025387 nucleus 0
235.65121839368658 485.90223024892026 214.12638741981937 462.7396138411998 252.15644785304903 427.4042510046052 273.68110762909055 450.56666168546366 nucleus 0
232.22787707811221 503.5690981811794 230.24951508086815 527.248921527639 190.2194966879324 523.904979450741 192.1980232604983 500.2253377026334 nucleus 0
213.81653478660155 -17.501423214726792 243.47796203568578 1.3810529209769016 210.00618887410383 53.95997137754965 180.3447669443267 35.0775034892436 nucleus 0
159.39747497475764 60.60070064632353 188.91310337254254 67.25950123386632 180.45215574056783 104.76310152614704 150.9365296390024 98.10430871062165 nucleus 0
88.09447734776768 59.840898538562996 53.24786545657844 22.336870140458984 83.82732043464785 -6.0757923303683015 118.67391867126571 31.428219903671724 nucleus 0
98.41874999474385 -2.707761714544965e-7 98.4187500878761 7.166838996231487 71.54607982607558 7.166838784709113 71.54608000004373 -2.7543603541474053e-11 nucleus 0
46.246459404646885 -1.5537270312306215 53.133437286596745 6.465710550760001e-8 50.91069186804816 9.852437070262155 44.02371399999538 8.298709999997108 nucleus 0
458.2255230231385 228.35964867191277 461.5225029786234 188.89333705953644 501.9193714178982 192.267954577593 498.6225257762999 231.7341405038058 nucleus 0
425.85135652880126 246.85081570165298 428.928618639402 210.01560050573784 468.2248614345008 213.29832323418003 465.1477321994025 250.13341552051443 nucleus 0
483.46785871181055 257.1138944080227 479.60824785121076 225.9966665479065 523.461062597562 220.5576038560913 527.3207777198695 251.67470959146385 nucleus 0
542.5162826796441 253.9468353542604 540.3183752759651 280.2577162987975 500.6551352063252 276.94446148687575 502.85313623651746 250.63368451104978 nucleus 0
541.5651066805731 285.6606649751045 538.7077962401963 319.86480390462145 505.13336385891307 317.06016801504256 507.99079140269896 282.8561586316961 nucleus 0
579.343350702984 325.96898463747925 551.2154490403191 350.18345818770484 523.4414205226494 317.9230429427708 551.5691509082535 293.7086924334238 nucleus 0