640.000050110757 226.453683 620.6097529804538 226.453683 620.6097938065795 197.083691 640 197.083691 nucleus 0
481.51119099886273 297.9824268152887 507.5927075452637 296.1587674980415 514.0863375116896 389.02146138002445 488.00482299651776 390.8450991271484 nucleus 0
540.5984598577197 388.8895716491604 521.1984692424448 395.0003885003581 504.3521481282369 341.523400621591 523.7518625133816 335.41263069442147 nucleus 0
522.913232134888 428.75747060739684 520.6315220774559 396.129916516702 562.763033209194 393.183928090411 565.0449376941106 425.8112704021619 nucleus 0
524.4927419850865 451.3456974327953 522.9130909073865 428.7573399219483 575.0760688815353 425.10984287919746 576.6558976515807 447.6980086959694 nucleus 0
574.081061350953 421.7973938935214 552.2122448903247 401.53112182512183 584.7204815587611 366.4565821153326 606.5891272586305 386.7227107425918 nucleus 0
620.4317238218209 391.5530222448318 590.446140446802 376.31301495577895 619.9636996199115 318.2416700615566 649.9488597548043 333.4815482387977 nucleus 0
403.16322356920864 474.9620843583256 431.2510240566917 472.9983393868562 433.7080644629168 508.1356500632011 405.6202652982756 510.0993823959979 nucleus 0
408.4284182239935 550.2564440923242 406.3220405874017 520.1387184468572 436.41613903870166 518.0344452728538 438.5226829707972 548.1519901517263 nucleus 0
380.24076383902866 521.9623083080298 406.3222964588931 520.1388966350241 408.6038356460631 552.7664441455826 382.52230425991 554.5898438839968 nucleus 0
640.0001107270509 203.46002300000004 596.0837087930122 203.46002300000004 596.0838016495836 165.672673 639.9999715064041 165.672673 nucleus 0
556.4780099228665 143.47206551841785 581.54965888687 127.7730929392396 606.4484495417128 167.536437187684 581.3768338982482 183.2353669354161 nucleus 0
537.5389383328002 147.78418754106713 571.6455269018479 145.39927107101613 574.8045718631329 190.5757508046965 540.6979839891574 192.96066050342264 nucleus 0
560.7412424193171 184.67625441847207 584.0066376085451 200.74819397282903 553.1940076335013 245.35032762048206 529.9286691311136 229.27845726817466 nucleus 0
514.846480673732 207.82345780452488 544.1879913474259 217.2356606659432 528.6066071333335 265.8069193794271 499.2651155425119 256.39475890694507 nucleus 0
479.8898112196184 202.21275590968605 513.4954645996186 225.4276709371161 489.69545352876594 259.8788788998943 456.08987014114973 236.66404770983297 nucleus 0
467.7263570485957 291.6799976492222 440.5831534252502 272.9296807384191 461.83867241248663 242.16171252909953 488.9817309272621 260.9119592796424 nucleus 0
431.1566209924058 306.0568612244503 450.7742998505273 289.3487989941361 504.5645210138173 352.5014500639489 484.9470007768832 369.20934206605943 nucleus 0