259.5355429463234 277.00753578897945 287.62244972043845 281.95050719652227 278.2405545125948 335.2566243976854 250.1536558310181 330.3136834656769 nucleus 0
172.63394675363088 359.4473863107629 206.73951201300952 365.44934632210595 198.6944759747712 411.15954900109864 164.5889209368761 405.15762884919513 nucleus 0
132.88241551497777 476.0695873372057 129.55831422914343 447.23694387460944 167.55948394275038 442.8564615007722 170.88374811137328 471.6889164169419 nucleus 0
203.07989749053377 433.9627643327376 217.6673750898044 457.29050976115724 177.23393881744414 482.5704483432544 162.64667727518827 459.24289207348454 nucleus 0
238.81327101931674 165.19898211571427 257.4117493273661 171.58937245006214 241.52929048330407 217.81217322472426 222.93082306045108 211.42180517095994 nucleus 0
198.19482386221352 243.36429911389064 191.89554447417322 217.4249528787259 216.82243189228757 211.37177985231358 223.1217489424307 237.31106955887842 nucleus 0
184.35336229464156 189.96518759177303 192.00762515625684 141.72911141638644 218.1655758566194 145.8798767672657 210.5114022349153 194.11587391225336 nucleus 0
99.59474179566314 544.4058183768759 141.55358847492607 535.6711070651342 155.97799019167724 604.9451346763433 114.01918339601252 613.67971421654 nucleus 0
23.253819062447292 612.3257082976327 13.994767322219559 590.4724756275626 42.78117849709815 578.2791098847488 52.0402803352772 600.1321908624533 nucleus 0
256.659479239097 328.60452568425984 290.76504043579916 334.60655078258804 280.0224977768812 395.6435648988178 245.91694981652836 389.6415899769994 nucleus 0
331.06902045736206 491.4856931992312 350.6520424208429 472.00179194111394 378.73916760567226 500.22679640414225 359.15628916925925 519.7105541062571 nucleus 0
422.39055302394263 516.7768113724411 405.2797705687408 540.3295138836392 361.45765164794284 508.4991709095135 378.56834995531244 484.94671146207844 nucleus 0
476.32899862655904 478.3429475131499 471.8971031172987 506.2690765793046 433.4097982865933 500.16196515187295 437.84185300566605 472.23603310219323 nucleus 0
430.28868942463305 588.1572593598843 437.1390865983267 544.9986894881345 477.6805330768548 551.4321852377992 470.83055775576213 594.5903783416481 nucleus 0
478.1108331747964 497.3943390156894 502.4615317529242 508.59941778042236 480.7545787113486 555.7629583758949 456.4039498391503 544.5579931023176 nucleus 0
497.4546621319314 563.9600121987404 476.57393285946455 551.1851019914117 501.486860041623 510.47379114731143 522.3672850574803 523.2485800911718 nucleus 0
479.5942612590443 616.8023398268638 487.65352185881056 566.0277980033006 511.7138922297454 569.8459208865179 503.6549379635835 620.6201892249833 nucleus 0
490.66289362017415 563.3776215481685 516.2734776569414 551.7048085911732 539.1509976705856 601.8866465967023 513.5404997885053 613.559319832228 nucleus 0
500.6079180958477 552.6719746266413 522.9926116032584 534.8570146235994 552.5722019815294 572.0155724687602 530.1876671439095 589.8303552562198 nucleus 0
481.0806359999697 640.0000000000134 481.0810182210844 615.014589722653 526.3692709578027 615.015158357278 526.369152678235 640.0003051747689 nucleus 0
270.5422681919299 367.2447675749953 296.6230042144889 371.8344781414173 288.5660939389345 417.61221381045294 262.48536621737003 413.0225344195936 nucleus 0
531.1046597522363 590.812029122632 551.1668805706722 594.3420122370145 542.5097704050859 643.5299390459361 522.4475601056474 639.9999963236419 nucleus 0
546.8664535169955 588.9530383206275 565.0889443921915 590.3279607393541 561.4182232366147 638.9643805057642 543.1957340681402 637.5894733772633 nucleus 0
537.175152426862 581.6939152016399 544.0253677096189 538.5353288416454 582.3414288776257 544.6155714392434 575.4916070532636 587.7738063990303 nucleus 0
573.2814487868018 503.9471691288796 592.3405117275252 507.30089715940437 584.7589423950558 550.3778048404813 565.6998868200753 547.024105534621 nucleus 0
580.4352221149747 463.30087684597567 599.4942596550391 466.6547089951194 592.3464233702543 507.26718091759244 573.2873921350256 503.913373686412 nucleus 0
596.4685719456611 397.02824163901033 612.9468865452509 428.32920695519505 574.3707064633782 448.63456021522074 557.8926409748237 417.333808377903 nucleus 0
523.3376340632094 428.3330346451198 548.7338174674369 414.38188090746496 569.6998583756795 452.54239404655146 544.3037453391298 466.4934481461808 nucleus 0
502.1516445999441 414.511012028064 530.2386272829608 419.45362054024935 521.2964456918417 470.261424834682 493.20947405620245 465.31885828834913 nucleus 0
513.883923149042 419.23559093974177 520.3304688864591 378.61566429131153 570.9331628865766 386.6455767097961 564.4869681283308 427.26518865271964 nucleus 0
469.1121715246845 404.3232880111345 475.1557536720793 366.2421993440091 525.3739169078472 374.21108699508517 519.3306501847837 412.2918930148833 nucleus 0
296.4545615449606 384.5433830288701 320.5290913477802 388.77999723203203 311.1650168493361 441.98473388349674 287.09049609838985 437.74815467312874 nucleus 0
440.59674359355995 317.03791918469705 463.2561762982368 311.4161755718509 478.0028268141177 370.8501970539795 455.3434103567997 376.47189659722295 nucleus 0
447.1085691927874 330.55993523096873 454.7633553398191 282.3238130427049 495.0490542994521 288.7164995976429 487.394521436363 336.95239641528747 nucleus 0
454.0033290089923 296.78287683080214 443.1075984554627 309.080515146513 420.0711012360989 288.6713994905639 430.96680147420557 276.37380274211904 nucleus 0
353.6896647958929 284.50439089361373 358.5241804531688 254.03949874727928 404.71809579139517 261.369672551889 399.88374281492725 291.83441854375747 nucleus 0
386.056090684433 239.7554578265336 428.186425823078 247.1700636479393 421.97145561229263 282.48222012870025 379.84112760648713 275.0676401589728 nucleus 0
467.74094828120724 276.9958928417944 445.16699837113265 289.3978519746458 421.90645770977426 247.06126635268424 444.48023530370847 234.6593661427172 nucleus 0
441.1553360339167 244.73807988613373 444.12910062535957 200.8341652444152 488.3949330313044 203.83233584407915 485.42134071358305 247.73608826714815 nucleus 0
563.7924758176814 322.8227879369711 587.8669995006203 327.0595332516182 575.8291630646272 395.4559929668186 551.7546494656563 391.21928693658043 nucleus 0
561.4121122240613 298.0189808897127 582.827169132579 288.2566519093418 600.2674304782704 326.51167763334746 578.8524025370134 336.2739588935528 nucleus 0
562.7063780678873 240.92231743550218 583.2194232806796 236.65123977212397 593.3075534560339 285.0999496987554 572.7945146145066 289.37100670736663 nucleus 0
322.7715124194219 404.68801472737755 340.7849633544538 424.69425640881894 306.22308840560436 455.80904028617164 288.2097930535383 435.8029478492404 nucleus 0
536.987600725115 247.75059124114225 560.8706171067752 238.58628906970554 572.477724931814 268.83405448869786 548.5947235954518 277.9983282048982 nucleus 0
536.6808053203567 206.57138569926423 564.7676837853942 211.51450218807963 558.9388819290616 244.63263825496458 530.8520071037492 239.68953568410438 nucleus 0
593.4872182823892 218.2952386907137 566.6811821787269 200.09312657891118 597.6929470802133 154.42380780686602 624.4988374804961 172.62585180017624 nucleus 0
584.1531277463946 182.04288233304052 569.1915662821702 153.61951439281083 623.394646872548 125.08843128072748 638.356221831782 153.51170302041663 nucleus 0
495.752544023926 158.69491663545816 503.0039111748192 112.99749636702444 567.8632878677308 123.28936378504095 560.612097344856 168.98662601938207 nucleus 0
332.95229475188535 423.9612398036366 373.0765382010577 431.0220982339446 366.3683968947589 469.1363837513677 326.2441650578694 462.0755707043534 nucleus 0
259.1898091623443 419.9953034283505 289.28298439714126 425.29097319866315 281.6419793118257 468.70548058463817 251.5488141005335 463.4098493758327 nucleus 0
209.12919117952697 416.1750629298308 234.79036860866472 399.3741285764429 270.603981269378 454.0672861468652 244.94294697979058 470.86804235818425 nucleus 0
163.0382531680516 389.5905602140873 157.3979419554962 425.13293983794017 114.9716397197335 418.40080586593206 120.61213515022246 382.8586570641868 nucleus 0