229.70965887427155 639.999991756058 229.71002419777506 609.3855178648066 265.77842100406997 609.3859343424753 265.77831217771745 640.000151485742 nucleus 0
0 112.032665 4.649475 112.032665 4.649475 134.028647 0 134.028647 nucleus 0
27.781741986909765 120.60761183001898 63.586359440378146 122.27554973607249 61.377251962258015 169.69643577823146 25.57263480812253 168.02850215274887 nucleus 0
95.58667441247962 114.98894386288757 141.9220606484305 117.14745754964258 139.4649509951705 169.89186960664023 93.12956523433968 167.73336197935407 nucleus 0
158.64911782147828 75.24606360802866 190.24142507587385 76.71778842557589 186.80832433710748 150.41272823951758 155.21601736763841 148.94100799053604 nucleus 0
149.5204770579585 25.42909236606933 173.50159787216398 7.7887846949090775 200.1767360073427 44.05228908684323 176.195623948297 61.69258638747419 nucleus 0
304.8294597982749 105.93601297708761 312.67871827025374 69.36772640169971 363.4182168897678 80.25871150639045 355.5690337651322 116.82693279395254 nucleus 0
376.33258480498625 98.3068207502427 402.29556076184963 89.22224175966129 415.9333834091376 128.19769026868306 389.97041547503613 137.28225350927096 nucleus 0
431.7999446657632 338.19660801970304 462.5839996650029 365.09524234936976 416.16081845379085 418.21822202957605 385.3770157863619 391.3198553824427 nucleus 0
416.8327523579501 289.5974600780253 417.8414049086132 260.7111925536669 453.7571733475488 261.965238790009 452.74863129801815 290.85139813139165 nucleus 0
138.67210099997465 639.9999999999884 138.6723420333874 624.5229603176563 184.79919322511705 624.5235440192015 184.79911999806063 640.0004154089652 nucleus 0
548.5202002021833 357.29635557668496 547.4199651975505 388.8086805872224 505.2433293730428 387.33605641272214 506.34374164874316 355.8239160419073 nucleus 0
551.8792597288848 400.39088435429727 536.8779513887421 376.8280791169369 593.9530655260751 340.49478734938975 608.954343540172 364.05737226674995 nucleus 0
575.3017010582698 423.961957089084 576.4624255490344 390.7245976651327 617.0198789999995 392.1408119999676 615.8593670542177 425.377963194997 nucleus 0
594.1839813871047 195.5964232415394 626.8293710213766 197.11716146254105 624.5082673805882 246.9421406104663 591.8628780890867 245.42140856639043 nucleus 0
149.84708136937115 573.9009663607862 183.41907753507257 570.0969658425918 189.2851490378962 621.8542371834667 155.71316022556857 625.6581936539327 nucleus 0
205.95404559440794 545.3451172607002 192.80817304112134 582.7454481500997 140.3554953807179 564.3125813678928 153.50157237699023 526.9126779893274 nucleus 0
138.01031103765126 582.7186173263597 102.68062084767735 588.1242341825977 94.76785886363359 536.4181446474798 130.09679466958914 531.0125864438397 nucleus 0
80.93648780224612 525.016785711547 82.77088247363281 472.4961959752774 122.9010250614374 473.89763195754927 121.06703500925505 526.4178294200376 nucleus 0
43.65231593044882 424.16093100062193 67.97532820870401 437.22768619611236 47.414558874006616 475.49459441284824 23.091612528296537 462.4279341182388 nucleus 0
0 386.046603 35.573765 386.046603 35.573765 454.3688880000001 0 454.3688880000001 nucleus 0
79.84433838071709 316.9876501543931 124.07357729083742 319.04789687744096 121.62790744929225 371.5468989896639 77.39866942727531 369.48666613291437 nucleus 0