169.5996712136548 411.3154117723227 163.69523485991522 371.38336432316004 213.4175987458002 364.0320762384982 219.32227219258493 403.96383513771934 nucleus 0
549.2874176482292 570.2918359574459 548.8991352280573 606.9464467879683 492.1948683584924 606.3453327370696 492.58360031148186 569.6911752446738 nucleus 0
542.5864020387235 598.2789074647844 534.7129588895768 545.0362111343135 595.1577837466903 536.0997509863142 603.031789198867 589.341764328474 nucleus 0
252.57022534256976 255.1964130965785 280.7728929273435 273.37020747357906 249.21036313164223 322.34684317220575 221.00778514053673 304.1731624829348 nucleus 0
315.75470725532796 403.6663053487607 289.22116590045334 403.4025625535159 289.72355414836784 352.8848522988488 316.2567238751217 353.14859326504944 nucleus 0
354.60850975927315 387.70804528566305 312.9510533621942 365.2945749089271 336.60808438202366 321.33054535146357 378.2650920491142 343.74386691116115 nucleus 0
197.87696639818023 58.933171915527126 194.5314419344504 36.305043792721065 219.54322099998535 32.60710699996714 222.8887535278045 55.235225021315145 nucleus 0
225.9707598683599 422.864896479653 263.2264329112513 415.9138426305251 275.576309491953 482.09605508059104 238.32065823073208 489.04703026598236 nucleus 0
516.2562160668313 356.93634111636777 499.2809077871789 385.06086377879285 451.2353127024835 356.06421657016097 468.21060798894905 327.93990440989654 nucleus 0
464.046473102062 332.1720759288929 441.2583398824063 351.57353026911414 403.73286999587435 307.50087894109424 426.5208139188326 288.09955772756655 nucleus 0
185.663026001057 452.46538167565853 191.96173415068188 495.0595799632393 147.4885794185684 501.6346827702973 141.19025091262301 459.04082590067895 nucleus 0
350.79244950655266 209.40228600959523 385.01051656727213 227.8141435673914 351.8131424392777 289.50791058064664 317.59515877551166 271.09617300530226 nucleus 0
195.08823329662846 119.63375311981126 221.99497782537946 114.6129032437736 232.90658697827894 173.08739625397834 205.9998468420963 178.10822975344644 nucleus 0
150.77182279848785 395.05664456868857 155.4956063363352 427.0023243905095 109.94165464253456 433.7372181112834 105.21812363018398 401.7917648108456 nucleus 0
85.97352415614296 366.55257665843544 79.28201064831228 321.2962371286738 133.17300046939636 313.32866214328055 139.86476869184116 358.58469026182456 nucleus 0
0 275.521696 9.439107 275.521696 9.439107 301.558436 0 301.558436 nucleus 0
512.2394080687081 597.3246799757054 517.751444483365 634.5945538862086 467.6273999953992 642.0050166352269 462.11584878001304 604.7355776744787 nucleus 0