107.796686904112 273.94163741677323 129.43184551193553 301.14278807734485 80.65555995228351 339.93535524977017 59.02061007596785 312.7343973860334 nucleus 0
267.09398481187236 199.24245717492371 325.7201556795917 199.58334160932156 325.48667754628696 239.73613513836526 266.8605067068711 239.39525181996547 nucleus 0
325.55888427537866 241.8126864969676 325.55894046534377 212.8133525994917 378.6293500652391 212.81341509019686 378.62942406878574 241.81261768191885 nucleus 0
442.81518807234534 215.04406529291512 442.81526067105005 244.0434062543979 384.1610916428908 244.0433230835757 384.16116409287497 215.0441262157342 nucleus 0
437.51155189136625 179.16605553732157 479.3873883883498 179.4095504791254 479.12720803964476 224.15362882680455 437.2513715508103 223.9101347042606 nucleus 0
499.81366128755326 27.461490130502217 547.2729436835652 27.737452972678472 547.0261172136088 70.18588933099664 499.56683481068467 69.9099267031358 nucleus 0
553.0178680000245 -0.0000022905218503104894 553.0178711314511 23.20298249437745 499.92273922267486 23.202980444239195 499.9227415063797 6.240572304039594e-9 nucleus 0
254.98588851718523 448.3561163732591 231.00619972588902 425.7110757464699 262.6726049109857 392.1829130453838 286.65210820618086 414.827791110077 nucleus 0
340.69586384408467 403.5564548828973 357.89747369577526 433.7918191507647 291.9503140454617 471.3048888490828 274.7491379746498 441.0698994608216 nucleus 0
376.78738131638966 549.6507390928433 376.78761161769216 516.1898851080163 421.56027941840875 516.1901477265758 421.5603457333782 549.6507049364252 nucleus 0
426.7158223113074 600.9570754465566 426.7162258741155 554.1117686959631 477.12419713061536 554.1122643472893 477.1243020831025 600.9570584253493 nucleus 0
516.404945468239 599.3910591415365 513.6206367245177 567.5697769076709 557.0388449398888 563.7716286611623 559.8234238720033 595.5926118530037 nucleus 0
460.8726032091363 423.88899458842627 476.01796743219893 442.92926999399674 438.9403502760979 472.4176825253917 423.79514933178143 453.37755746156984 nucleus 0
227.67660919991613 275.2732954023181 227.6767741068761 239.58178791417555 291.90143414060003 239.58200824244602 291.90148866255186 275.27329530848607 nucleus 0
208.62676991069748 197.1984022979962 208.62697461350763 152.58410558228437 275.60455697726866 152.58433908884928 275.6045469021774 197.19844508472636 nucleus 0