237.71102552535012 131.13956544025382 261.8351822952536 129.7132604456843 264.2207056127518 170.06075905904987 240.09654911475081 171.4870608360769 nucleus 0
428.7471502820699 108.7220192290714 405.7830914324586 100.36354552908635 431.43897148038377 29.877040924650636 454.4029563427466 38.2355004422099 nucleus 0
438.94802695962426 91.32267092178425 453.80578656833677 55.845220531717736 517.1587192061997 82.37694823710166 502.3010533831257 117.85431889568379 nucleus 0
497.30066255382553 32.18339352081421 520.3778539617633 32.896784576085764 518.7958465980046 84.07237391091508 495.7186552089843 83.35898365968269 nucleus 0
562.1312898625183 64.48227985771736 547.4454475026141 93.80266586997121 502.5994986832666 71.34049967674717 517.2853477470198 42.020150261211484 nucleus 0
589.2366681821295 112.93053759503044 584.537263245511 86.76679448334384 608.800341968672 82.40880793717339 613.4997649717843 108.57252771555956 nucleus 0
546.5624210238457 143.7133628116314 564.1072635274031 142.67605436736585 566.6971678116533 186.48037707093266 549.1523255436186 187.51768270519142 nucleus 0
491.1339567104733 248.46071270268675 508.6788017760409 247.423437703201 511.55379953808733 296.04962607035156 494.00895491104166 297.0868959501427 nucleus 0
393.2515375460207 267.9498420585051 417.3756971380499 266.5236001138805 420.266153843113 315.41126818798097 396.14199497205846 316.8375025839249 nucleus 0
370.32593442381767 324.14510972680097 394.0072783084179 312.22508362400583 421.7205287391698 367.27793895728377 398.0392469595972 379.19787062599687 nucleus 0
250.84339313441887 149.24740685094596 275.6125963864906 140.63509304314957 291.5225219615968 186.39151673913037 266.75333131664956 195.00380458592213 nucleus 0
403.5385617060092 323.54363909069235 431.7618173502706 314.9452594044169 454.44144333101576 389.382087926998 426.2182257756649 397.98037912974956 nucleus 0
554.3046373385005 346.24022731562957 567.7265065414394 367.11738101626025 533.1137735299853 389.3674315559217 519.6920372514433 368.4903947056081 nucleus 0
608.468014111786 454.7754842700767 591.5390691824723 453.69077870368983 593.9644498543203 415.84509417649065 610.8931859999575 416.92979299999826 nucleus 0
557.8495529000793 409.06332388345794 588.5530394233501 407.24824243437354 591.7285903059383 460.9577732962907 561.0251052401873 462.7728389160439 nucleus 0
547.591829390658 477.2879102225942 519.980736756188 489.7274983049999 498.4669973357086 441.9823615571823 526.0776629299653 429.54288486818155 nucleus 0
603.6090395960491 530.5999030562448 575.4075686338183 528.7930157534474 577.7896149380103 491.6253595347021 605.9906870000123 493.4322339999993 nucleus 0
531.4579854518524 541.0960460632684 556.2032251053461 524.5823775935436 575.0298525381368 552.7874076607159 550.284705109807 569.3009620372188 nucleus 0
298.7797488121578 163.0576928931784 277.71033115233877 132.54637316166685 318.4546919119748 104.41098149101889 339.52408951023244 134.922225861895 nucleus 0
478.750310917967 -0.000002938123011509642 478.7503145167284 31.282360318837668 447.9472627929499 31.282357931311857 447.94726505577273 2.1175333358466374e-7 nucleus 0
449.21218399998907 -2.800658963081433e-7 449.2121847153612 13.814515945410289 419.2237956471945 13.814515671778288 419.2237960000057 1.695732606889033e-11 nucleus 0
384.09234414495586 38.590749550125 355.5819729779614 40.2764054732635 353.23418229672825 0.5668569831499128 381.7445345505257 -1.118798332009655 nucleus 0
334.5516943962866 -0.000004902727811919399 334.5516973252961 28.483261536633666 287.17751662421506 28.48325724734044 287.17752099997597 -3.0493568008531467e-12 nucleus 0
248.50515333477233 21.97584256032507 236.21619582962012 13.874333961320799 250.6966111114889 -8.090609751632947 262.98556695430307 0.010898049905454728 nucleus 0
243.79487099999096 -2.8130769915697054e-7 243.7948714626691 13.558913150087095 218.95361164286442 13.558912803740022 218.95361200004118 2.5178065997135566e-11 nucleus 0
249.5804897682683 42.351996560078604 228.18275434830866 64.25980747371835 186.0645700180612 23.122268572349878 207.46228906718898 1.214474368511309 nucleus 0
165.9468505129189 6.722151916361798 193.19761271894095 -1.263902634664634 207.40488922056102 47.21547993125722 180.1541288169392 55.20153037504567 nucleus 0
293.38600372022483 185.86050938493707 314.78408986207796 163.95296318351564 352.23099693088443 200.52812966418358 330.8329955724912 222.43559288712032 nucleus 0
185.7439560763305 35.399556920497474 164.34623028886563 57.307379769881834 139.9942648889555 33.52243023304764 161.39198248005414 11.614616015219205 nucleus 0
153.47020713510574 75.9339576132947 177.9204338073032 69.263408819063 190.7442945925868 116.26771285563173 166.29407240579894 122.9382502285429 nucleus 0
175.75780653241964 160.1895678880189 182.3371403258352 196.81880650109383 157.44717039982788 201.28937251507762 150.867907432621 164.66019685107574 nucleus 0
171.71853795232892 222.796209216647 204.73769296768296 217.38187874804171 212.91371016253834 267.2410098815123 179.89456109578896 272.65531536419365 nucleus 0
0 45.354426 18.319088 45.354426 18.319088 77.506504 0 77.506504 nucleus 0
0 335.6216 26.988982 335.6216 26.988982 387.961778 0 387.961778 nucleus 0
344.04447891276504 182.82267027054763 318.61860845659976 166.06094467611166 353.45124266175844 113.22434626882131 378.87698173690296 129.9860129132961 nucleus 0
0 425.583952 7.933016 425.583952 7.933016 469.93874800000003 0 469.93874800000003 nucleus 0
117.5917738492717 630.7623200089304 116.0667408711015 604.579330165018 159.9375982924539 602.0246868875793 161.46287808667694 628.2074133052672 nucleus 0
371.7064382530225 57.37912365565712 396.9573276297888 61.58898002360794 386.04421144598746 127.04592287466929 360.79332443056046 122.83607612407766 nucleus 0
355.7351008819387 191.7568968577635 379.8592596209346 190.3306176801634 383.3198938444548 248.86198047350132 359.19573563704034 250.2882527912149 nucleus 0
398.83597897569416 213.28179245929138 376.08646105793014 198.2845232618045 413.96102451137267 140.83376215571894 436.7103911131562 155.83096350675729 nucleus 0
401.97453738386685 179.72278235187716 382.0251172596181 171.84092556812345 408.45507265345077 104.94655915873113 428.40435350364714 112.8283847215583 nucleus 0