260.8840705536568 201.438809171819 300.50453741198 192.81363895655898 311.64157114712 243.97082628031689 272.0211158539314 252.59595915146846 nucleus 0
564.7628337045171 444.1674754668269 599.2767169716535 430.8900480251506 620.394435570488 485.7758531696567 585.880625171485 499.05314525840504 nucleus 0
557.0329985086573 494.3109287690502 609.860694385934 482.8124790121695 623.3506481558288 544.777923791588 570.5229975712427 556.2762328310931 nucleus 0
602.9610666193912 603.9369564959885 600.5874113561731 592.1476539667868 622.7796889103774 587.6806355269789 625.1533878323971 599.4698786476831 nucleus 0
218.5597374397912 283.71725836854023 246.40140060022532 303.10598762312725 212.12918495373742 352.3161058024854 184.2876358335343 332.92751456621767 nucleus 0
299.39135945511225 356.57651758983656 288.74854832611163 331.31826737527655 336.025461552199 311.39930002373444 346.66832638053165 336.6573882014934 nucleus 0
308.77722587982134 349.41344052377656 345.90273407862696 379.7924652446025 313.1908947201737 419.7642506780067 276.06558979583497 389.38544993565426 nucleus 0
338.86588957204367 281.27949842997515 331.0990804612811 242.69609074427314 397.3589618492406 229.3585841661384 405.12595407017216 267.94174369700323 nucleus 0
329.9813818102848 513.1711306668954 351.0727358915028 486.7440766024901 395.3276813087723 522.0570114123909 374.2366392633994 548.483777439068 nucleus 0
277.4485758866649 485.71596581422733 292.117804941372 457.2143627059453 342.0568055925105 482.9126118146943 327.38791385454533 511.41392618010565 nucleus 0
334.6462304677698 146.3144553158206 376.90802357879875 137.11411761015495 386.7399301999103 182.27621401594095 344.47814541672415 191.47652581615142 nucleus 0
207.45813836780144 470.5155551999153 176.96157082929858 445.5618567523541 222.454418326015 389.97203580056436 252.95054146998154 414.925444695142 nucleus 0
42.62703017273452 356.52259802994314 37.017474824533565 328.65679693483264 95.42717817050288 316.8994768207131 101.03688698538463 344.76506766332506 nucleus 0
268.1411054957425 133.11029186889974 299.83744739955 126.21002229471625 310.0441468869394 173.09368459792387 278.34781097830273 179.9939352377578 nucleus 0
183.63476391445147 138.8821934116695 228.5379201282194 129.1068248428375 240.60531338072906 184.53745075108318 195.70216850690485 194.3127859361512 nucleus 0
105.82186492167239 48.32093260434399 137.51818296856072 41.42057449891371 146.1464935978438 81.05402320245702 114.45017795696913 87.95437444224483 nucleus 0
66.21100681062671 70.74835854744593 63.406426722503966 56.81546665341632 113.7640239999746 46.67889500003373 116.56861548552115 60.61177007305232 nucleus 0
563.6967064633063 207.222938653363 587.4689847682748 202.04783141527662 595.3950044017256 238.45537549380373 571.6227310833347 243.63046676443554 nucleus 0
629.1968798427843 401.08986588653534 612.5946929462953 400.6068421352697 613.8173732707219 358.59049356387277 630.4193640379526 359.0735144686099 nucleus 0
586.5804444987589 401.292587738026 623.3464879985695 393.28960319861756 634.5196006442711 444.61277322594697 597.7535780335893 452.6156915496405 nucleus 0