603.6768122957437 599.6880236486361 621.6499431448756 603.0457650712078 614.7022062536416 640.2247055667356 596.7290834112646 636.8669934245695 nucleus 0
580.0804666170734 95.53881144763679 585.5864330410259 75.85927573741193 622.744141924486 86.25524551550231 617.2382059986558 105.93475467671398 nucleus 0
553.34443896827 81.357605634319 557.1116729104688 67.89266030049605 595.1838960000168 78.54448000001804 591.4166806855064 92.00940928731072 nucleus 0
411.7248085994652 27.216538448519614 404.48019624302106 53.110657387485986 367.6642374660878 42.810348991459435 374.90885699997307 16.916245000028322 nucleus 0
308.80580792290857 24.10932635629041 299.5327107866615 57.253781307985285 245.3266946102667 42.08810017056028 254.59980668747448 8.943663964268925 nucleus 0
566.5408774631942 398.31096476421794 597.1918555385491 386.51985648954815 618.9297806377726 443.02048020392823 588.2788617367623 454.81147690571476 nucleus 0
145.12373345394735 119.0363323488326 137.00971134661813 148.03776071689705 71.37718814126856 129.67515459736563 79.49126633408014 100.67381512571393 nucleus 0
179.96659732278204 288.9192620900263 218.1755987725046 279.75146851177107 232.42301615915494 339.1269238623021 194.2140373141592 348.29465189522097 nucleus 0
115.20340731578472 288.79600649526583 151.14937817408645 295.512776911971 136.77790584857576 372.4182302914286 100.83195321793028 365.701524482525 nucleus 0
37.99684455894749 278.4930781866633 17.246406140038744 257.57545400823903 58.409705837475485 216.74314782928772 79.16003290811204 237.66065873983337 nucleus 0
92.22527814330533 327.60424935941205 80.6330793115194 369.03476346619703 26.975826409761794 354.02256159703256 38.56820224871626 312.59234188145075 nucleus 0
155.84780297082034 540.7072323287092 133.73768919991562 565.6478080602325 71.0163687325985 510.0555971821715 93.12618712276162 485.1154287758758 nucleus 0
565.0373368128203 391.91755707962324 583.6374762822379 434.4716795291763 540.4634609919594 453.3398875859591 521.8636911894282 410.7860782312102 nucleus 0
516.5107034263929 381.53370393849264 527.5238655225257 342.1747744221544 601.3145029994485 362.82025461811514 590.3018281154073 402.17876632519915 nucleus 0
640.0000311438635 143.574518 617.5609864819126 143.574518 617.5610095464799 117.632107 639.9999982610461 117.632107 nucleus 0
640.0000418656418 118.392949 605.2110417796939 118.392949 605.2110749973508 89.116358 639.9999969850614 89.11635800000002 nucleus 0