152.9928290800308 369.3909994081693 201.51910039152426 371.0999410913387 200.60289567009022 397.1132404153661 152.07662464097666 395.4043050750557 nucleus 0
305.0408645006246 363.758238006776 315.0355938498251 378.72163201311525 287.52836973137164 397.0928914711811 277.53371945895196 382.1295674991271 nucleus 0
274.6100919336459 401.4029224633251 287.3801647145592 401.8526332148399 286.6644566150353 422.17348394440484 273.89438391015574 421.7237745933476 nucleus 0
311.0488969031576 412.67114204465327 309.3811786830338 428.67275342072134 288.7234931094281 426.51999773716034 290.3912569081149 410.51843826385146 nucleus 0
188.40900904833688 525.5143671153563 231.82726239443582 527.0432427463127 230.11495831247885 575.6598782468759 186.69670572591713 574.1310178688307 nucleus 0
281.7197164782556 603.7191403857231 279.32214991124056 626.721594763652 227.67774928564904 621.3396963545813 230.07555526281067 598.337513013078 nucleus 0
355.1959955604252 388.54204093127817 352.51662074988417 359.67545605905514 415.1131168053689 353.86576493347104 417.792715575124 382.7320976624385 nucleus 0
387.84589143942867 403.5831250467562 385.5360496620415 378.69814669683797 440.62770036056463 373.58499722136463 442.9377198916336 398.4697741816769 nucleus 0
474.61308991631086 342.77346028265754 472.1116726085165 366.77594393051913 408.1408034078777 360.1095126085984 410.64239772735164 336.10723245049167 nucleus 0
501.14426642896433 329.36300327959424 503.64584234383074 305.36051256048506 559.560550947499 311.18749522061563 557.0591498268186 335.1898251469084 nucleus 0
172.25061624667433 49.37045007969428 198.7181781804975 66.16372520940409 175.22484488086775 103.19095045338267 148.75729857987608 86.39769578680787 nucleus 0
571.0823486406298 290.14696798676096 569.2062919962336 308.14880105459616 543.5904735128133 305.4793742756992 545.466575234459 287.4775926519676 nucleus 0
550.6712566843635 381.0282064827496 547.5444341012189 411.03144513592986 462.09072300756816 402.1261697208357 465.2178748296137 372.12331032977465 nucleus 0
497.6333112291468 365.61562365047234 510.44731342663 340.32471887667623 579.9044722915278 375.5125604957528 567.09078759166 400.80319369857335 nucleus 0
610.5926487949182 365.83604564908535 592.9734913600987 384.974596417997 542.8899642617762 338.87128217935475 560.5089815014071 319.7329042265376 nucleus 0
328.69494987346116 427.32035730720077 335.7983430438617 408.1878494205639 389.40095709913294 428.0863253717546 382.2977694938163 447.2186588242196 nucleus 0
397.60901389476203 448.48091521034183 393.1953444741521 465.2092083608153 324.52854111652414 447.094057176048 328.9423366694973 430.3659605799097 nucleus 0
398.1385618788772 461.07585091312393 405.50282195392356 443.7601802541882 448.46640124480473 462.0294340905156 441.10230469981616 479.34496609443795 nucleus 0
459.7821892787033 474.59457749728665 468.8765183078067 456.64642322279985 521.3907727619517 483.2508300316405 512.2966640746017 501.1987958832153 nucleus 0
529.6519044208253 505.91553126828387 546.0866740556958 496.7102176114657 571.9503813895426 542.8770084713734 555.5156802965212 552.082227130248 nucleus 0
603.1874841047829 559.4459483340826 585.0951497541973 583.4502443100569 558.4318304675253 563.3583397698476 576.5240966470446 539.3542109337469 nucleus 0
198.79455032525584 58.13568458291272 228.5108555239276 75.1103299510845 209.9698692113452 107.56853904291832 180.2535778316087 90.59391311393865 nucleus 0
624.4699060678977 596.993893792858 604.7761367604835 618.3824146490238 572.4507541062485 588.6259467908206 592.1443558477768 567.2376330120442 nucleus 0
621.1619569986215 610.7855460454927 618.7606264872011 633.8238770699639 567.2537054765417 628.4562699122062 569.6552777494799 605.4182123593246 nucleus 0
640.0000901308522 243.9012749999999 615.3154201730649 243.9012749999999 615.3154790783447 208.17078300000003 639.9999995091639 208.17078300000003 nucleus 0
101.58538311166922 166.1151031814181 77.82669845677447 143.23611965638423 128.883101499232 90.21736902696824 152.64169411435432 113.09626822405659 nucleus 0
29.334243000557763 213.8245944988887 58.70540538671776 214.85901579649743 57.33257779706037 253.8372935322516 27.96141560858814 252.80287574852153 nucleus 0
303.67754294202314 213.75451458563347 299.5086642055685 253.75863040154965 245.1791704569041 248.09690833730798 249.3482140688866 208.09298139647356 nucleus 0
398.0729533170961 163.1981850077583 421.05907922763436 164.00774656814636 419.886740336442 197.29354963242827 396.9006145369349 196.4839898771865 nucleus 0
358.4112930428091 308.4661505840961 326.575251922186 288.9898390093479 357.5389627125696 238.37962753765396 389.3747097218875 257.85582199037947 nucleus 0
106.76821049361024 338.8418246995207 138.71686606915318 332.0651070117944 149.36118635603634 382.24282641032846 117.41254512649903 389.0194974590583 nucleus 0