113.42255699273665 7.268431447656133 111.2758132397721 40.768040932345414 56.2258511656546 37.24027668186419 58.37260950676864 3.740688107752759 nucleus 0
212.9192731927469 265.79985093505724 249.58692712556513 249.65495836717193 277.5894780552335 313.24958956038466 240.9218956240511 329.39436112930605 nucleus 0
328.1643291238288 338.90105862606003 295.8810365048703 340.618140205823 291.94968911986507 266.7037624065836 324.2324396782351 264.986695361361 nucleus 0
292.5749668542994 353.9207380881623 338.4191350860783 345.98071831930105 351.8214330710907 423.3548519624936 305.97728869252023 431.2947813792831 nucleus 0
226.8864725671301 362.0128740307229 264.4789777799451 371.8877902362896 253.49640919426747 413.6923470252282 215.9039276783733 403.81749245004187 nucleus 0
236.22410683550697 426.4281248832154 199.55582906324707 442.57217068484056 175.45440332294675 387.8361781542251 212.12210942998354 371.6922763526879 nucleus 0
377.19233356416225 384.75930745912393 421.0503177405917 396.2797950507584 401.9825762617256 468.8601912068446 358.1246448814636 457.33984119321144 nucleus 0
340.81981845643895 446.7253419968386 376.3240136071545 456.05109962081684 360.57022279899684 516.0173478534547 325.0660666603653 506.69169377189337 nucleus 0
314.03609707449505 506.1851362186238 353.71736296263407 516.6076049305698 338.04059247049736 576.2806864234462 298.35937519390427 565.8583467449863 nucleus 0
274.5698411711055 503.4428492045887 301.72016763914144 510.57403577215547 285.3703400676022 572.8090228041425 258.22004824949545 565.6779279998991 nucleus 0
225.97036248713266 467.4794775119398 267.7400336457504 478.45084795671676 253.3151573914074 533.3584562537901 211.54553041524196 522.3872015622262 nucleus 0
532.377963992185 458.3162125212146 520.1061831878906 502.2314373278101 461.82784825847193 485.9482231536503 474.09991124230146 442.0334657426488 nucleus 0
505.06922104359546 314.41689306558123 538.4847180324869 323.1947728764615 526.854793824823 367.46361702491345 493.43931620423973 358.68578812495224 nucleus 0
243.6262712761527 561.7404560754679 281.2191390836233 571.6139837749879 268.98463333833206 618.1841888780262 231.39180495527398 608.3107653530406 nucleus 0
216.36892800001078 639.9999999999741 216.36926968058106 618.5622802233692 260.9530817824998 618.5628850495204 260.9529639979155 640.0003806237795 nucleus 0
4.02869788602402 587.7929753127438 13.775465439321124 552.9196525673706 66.29793537358637 567.595588233812 56.551644434730406 602.4685027052568 nucleus 0
125.91143622506934 63.469858505278644 141.06882825675712 9.221419062022893 206.22944224480307 27.427739301610107 191.07212463022734 81.67611287978146 nucleus 0
259.3114536773646 16.6174114456533 256.6221083667915 58.58430518583492 219.69546294356405 56.21793758751455 222.38482844921236 14.251069230675803 nucleus 0
159.69856283132685 121.98375252559033 195.68591376657423 99.64374758914111 229.2742982357595 153.7503948243489 193.2870041080605 176.0903266703357 nucleus 0
259.4705525203608 164.39827060256493 230.44213922767085 177.18010822442406 205.01442777647753 119.43280298582359 234.04267200283357 106.65100834597153 nucleus 0
291.9023465707869 182.5183829713311 327.4061910393357 191.84532211755922 313.74859480660234 243.8324980995384 278.244765698837 234.505598745215 nucleus 0
272.11693052377086 240.8342691326338 305.5323777704325 249.6123887295795 290.42616947008355 307.1136792115945 257.01074222401076 298.33561283405595 nucleus 0