461.3500489515718 45.30680867121543 482.35051593510434 31.85230092908958 505.5331598751218 68.03686449467266 484.5327027525491 81.49136005720705 nucleus 0
248.88233202596894 364.0214563290632 295.0848400083487 334.4236285369235 317.46512043966504 369.35619707825856 271.2627428162523 398.95385767077346 nucleus 0
263.02232894900953 422.5642199775699 255.49959830495936 476.3809293733382 210.08990246991743 470.0339689534147 217.612973672949 416.21767013464626 nucleus 0
300.59538075176533 441.5327247592805 295.32941157973255 479.204460840292 251.67547261131404 473.10292331402394 256.9416765537608 435.4314690822647 nucleus 0
299.80269603445777 477.0860846544756 293.4082823427889 522.8303356353496 237.0162334071938 514.9484265198391 243.41104593346245 469.2046540041339 nucleus 0
253.14844501153857 518.1627894450532 303.25919910363154 522.5702051870517 299.39555549521174 566.4890080725868 249.28480668000702 562.0816315074312 nucleus 0
81.49642745614983 587.8678304299954 96.39895631487889 556.9936366623227 146.67268775308912 581.2539588805331 131.7705988069065 612.127777680961 nucleus 0
324.6304715005681 565.7060620226723 291.2586281159747 532.3359692028943 324.96123639313737 498.638962496434 358.33276570345333 532.0087415392024 nucleus 0
344.9546067166375 497.84782445218076 379.8142569515767 500.91389019761107 375.9506324531685 544.8326928015076 341.09098559987615 541.7666531961804 nucleus 0
418.15341522422386 482.65415640336346 411.3827474666323 531.0892552409771 367.03997417011124 524.8914362326528 373.81097935875005 476.4567417902617 nucleus 0
406.9596997332701 514.0106827639107 414.4833190630743 460.1941344946681 460.99469580323785 466.69538172060874 453.47158859563933 520.5114692766027 nucleus 0
430.90207993082004 56.466030517072724 435.2271574925544 25.521435076184996 472.511793137528 30.73264696844848 468.186737304859 61.677221609989374 nucleus 0
460.40863516536774 466.61314331956385 467.55580987301073 415.48733876074954 507.0093493817694 421.0020488036304 499.86254871226265 472.1275159368917 nucleus 0
468.02476783370366 511.57185550325715 460.8777488787746 562.6977049003038 424.1437461764872 557.5633644964847 431.29107849294087 506.43789288586424 nucleus 0
494.65283156197984 462.44753535655457 521.8440711742733 489.63852990248137 478.5117903575883 532.9628968987008 451.3208581376239 505.7722101392359 nucleus 0
547.1374603364529 414.9149987164889 573.0922848633054 440.87047655370844 541.7968277001637 472.16037674103467 515.8421926897427 446.20508841132965 nucleus 0
562.4749311885535 396.22847737903714 588.6196535794443 398.52819118718264 585.2426640226622 436.9152709696845 559.0979434915062 434.61557087699214 nucleus 0
580.2602571899479 368.7626538553408 617.298612831728 372.0206307341799 613.1769589682517 418.8724298701871 576.1386063000828 415.6144754473905 nucleus 0
640.0001879244519 388.8237259999999 606.6987489995518 388.8237259999999 606.6989529093553 341.539842 639.9999658590241 341.539842 nucleus 0
356.41619111476757 552.6684902750103 381.19105618497997 565.4751222169648 354.0660480511724 617.9360539588807 329.2912943187548 605.1295865354433 nucleus 0
500.5912281885685 587.4519299894704 494.19626342802076 633.1960932697369 459.3556077693938 628.3264603158012 465.7508751786372 582.5826604679304 nucleus 0
360.76394808893383 45.49955612331892 388.76457827180275 27.560221769465887 418.5241950432828 74.01046576741658 390.5235827744764 91.94977770532157 nucleus 0
490.1189890000387 639.9999999999936 490.1192862595781 616.0755963434196 522.3665193026682 616.0759156825261 522.3664021167497 640.0001405477503 nucleus 0
349.6031823650992 70.63995430534415 395.35640213638544 74.6649327962316 390.72852143908676 127.27119125802786 344.9753026149119 123.24622057891486 nucleus 0
390.3100997843285 122.12083665218003 385.0447704700491 159.79255365637684 334.1958108783001 152.6854532119591 339.46122191438917 115.01383618559201 nucleus 0
440.0020974042127 91.27937751457937 472.6829690651357 94.15435444746507 468.35234107617 143.38165365671796 435.67147029403714 140.50668297134035 nucleus 0
380.46560579336074 159.15243992261244 375.20026069978485 196.824174832269 328.826804056589 190.34262884694118 334.0922444314492 152.6710092192688 nucleus 0
314.8308218380407 216.32827592947638 340.9755271153699 218.6281843087643 336.65470374144206 267.7440192249934 310.5099997774232 265.44412107613664 nucleus 0
303.3174382794823 272.3304592280248 335.99832584077376 275.205287439717 332.3633087730559 316.5253770041925 299.68242290909984 313.6505618257855 nucleus 0