513.8497186232416 428.8255431389656 481.54052588608465 432.5784547975297 475.30651215303806 378.9135382243756 507.6151836164354 375.1606572287254 nucleus 0
293.00698871906206 639.9999793257422 293.00751237751683 599.0690586715848 337.2782210996229 599.0695846702047 337.27811433476745 640.0000894998429 nucleus 0
254.30613375072426 590.5545815127308 281.2303085249732 587.427609913473 285.639495510477 625.3817963096494 258.71532537603343 628.5087408822399 nucleus 0
273.173270889165 580.386736577555 234.92971140345617 604.2761900762091 196.80569935779204 543.258928195955 235.04838258231757 519.3698360819002 nucleus 0
302.5341801288596 557.2705098673292 270.6442245523067 581.3212617447692 226.2445093710994 522.4620346890999 258.1338331263396 498.41163730855214 nucleus 0
301.8380146749405 513.263278755502 343.17375497936155 515.821400368235 340.28226796996023 562.534001245847 298.9465298735013 559.9759035824688 nucleus 0
349.829470362165 496.5109180231423 330.9899715710344 523.1967952302226 275.7374400203116 484.19664787947994 294.57684098735626 457.5110999688258 nucleus 0
189.94047895423137 435.80906906705286 246.4811626313167 429.24168432846164 254.793591063426 500.7948366814736 198.25292073182936 507.36213902620545 nucleus 0
203.806225489825 429.746329967069 202.78362952332827 394.81351623647004 261.0272644529323 393.1086988264837 262.0501625135512 428.04119773060245 nucleus 0
245.7899159986846 367.3326052069007 246.5571221193386 393.53220331927287 197.60612481484713 394.96522069571085 196.83910546271363 368.76580409766234 nucleus 0
257.56278895467403 397.5803120942636 256.8597450209927 373.56400207762795 309.2863574642979 372.02936701558195 309.98957614880055 396.0454958637457 nucleus 0
518.8367963777273 448.2660702311435 551.1457534291549 444.51327985907363 555.2207222140714 479.5904940391167 522.9117690255225 483.34326156936334 nucleus 0
320.6708034792973 354.2146580245623 321.05439050537825 367.3144682205219 274.2557531646162 368.68451843087587 273.8722509179206 355.5847911692172 nucleus 0
348.69305217071087 371.92890939865663 332.54496044290136 349.61996011220083 379.3278096468566 315.75975518515037 395.4758443652827 338.068537842909 nucleus 0
401.3800333633844 345.296490780131 400.35743824868405 310.3636938301502 460.75341067851696 308.59575919413396 461.776254633005 343.52829903752763 nucleus 0
587.6357828221808 425.06516146474326 586.5492051617912 387.9490256054674 638.7866891387966 386.41992435652435 639.8735507047968 423.53576540602785 nucleus 0
458.1573380556074 245.10936176952768 442.1452090643288 267.7932663555315 392.8372087010939 232.9890593376191 408.84930099236954 210.30527722088755 nucleus 0
351.72968426151783 285.56542161608184 350.9628317946044 259.3658027246432 418.7610137159936 257.38134700771514 419.5280400325282 283.5807861230951 nucleus 0
473.7564000100974 473.90824219914646 508.9088432499557 462.4404958954753 519.1930930547096 493.95980884240987 484.04068150077364 505.4274867373684 nucleus 0
138.19434313336387 329.13517640235625 157.9746816266561 301.1143069588148 201.39650684097433 331.76402955351506 181.61637223565776 359.784716473418 nucleus 0
91.32386098448478 291.58858700143946 115.55554811144248 288.77375139394354 120.47075649345061 331.0836923093243 96.23907176071953 333.89851403084367 nucleus 0
651.779198712029 181.47536802675745 635.8280013195326 215.0477628056441 564.1024918056792 180.96952896404946 580.0537325786718 147.39730902596332 nucleus 0
552.7560245049244 147.9495773841538 532.976681468208 175.97105374629302 502.66903906893276 154.57829739066312 522.4483649079775 126.55687894725202 nucleus 0
543.3033789448382 24.6728406004887 580.9970775176771 20.293915323462556 587.7070021389954 78.05272284102409 550.0133043556707 82.43164317110978 nucleus 0
584.2773731848138 25.04167992484708 617.9324601807457 21.13192438098074 621.5695293140016 52.4397072111796 587.9144428340805 56.349460911206876 nucleus 0
442.257666925434 493.74331230989407 482.6438835445879 489.0524849696414 487.5861492688273 531.595391288927 447.1999392424186 536.2861803353572 nucleus 0
417.0139767523506 464.3579040041678 454.70776684669545 459.979709353591 459.568787878743 501.82330471844585 421.8750037586142 506.2014662382449 nucleus 0
418.7107889291656 528.1837481794341 449.72781240328914 518.06556162325 464.05919272554456 561.9885845074194 433.04221282494836 572.1066762831031 nucleus 0
402.57700087182457 551.485233067614 429.50116459796845 548.3581574145561 434.38926840783097 590.4348008654871 407.465109686309 593.5618483565625 nucleus 0
363.3837826166564 566.4452329552965 398.38519552758953 562.3800807197897 402.51431252327166 597.9234472737631 367.5129049545649 601.9885680205665 nucleus 0
396.9048592090985 609.7065421157215 370.5277569595637 647.0653689064039 339.60782725444005 625.2404136136583 365.9848330754903 587.8819125120992 nucleus 0