541.572034297933 269.7825178427612 536.0665497324226 295.35986957475933 493.6531712803844 286.23085205960984 499.1587380608689 260.653615697807 nucleus 0
465.4772746319213 325.02476307247923 441.82302880966745 314.30518591239354 460.91798359040695 272.172691189135 484.57201897283085 282.89221283083657 nucleus 0
439.0249372016842 339.3192101964541 463.3655922233447 366.7933744041497 411.3630601447221 412.8597411296604 387.0226848089078 385.385843664599 nucleus 0
396.97908434682176 378.0814809357298 377.86446662721573 362.0612764008258 415.33300897834124 317.359656728512 434.44744972424814 333.3797404441468 nucleus 0
374.6662628866761 403.2068145429321 390.89903056468756 425.6785040906127 348.7253957269422 456.13881265711325 332.49283435776306 433.66730934817207 nucleus 0
335.48974937104504 428.70209587083843 311.14879675129487 401.22820500936933 356.3136817436316 361.21841027144137 380.6544595010928 388.692059166388 nucleus 0
281.8693896104378 455.1866113640585 261.0055186338286 431.6377780365725 303.3920320333709 394.08926945786226 324.2557456672512 417.6378881038671 nucleus 0
272.25004930507566 438.29646971545503 275.3331810484815 472.87771567893463 221.950528396992 477.63595993418704 218.86773628888477 443.0550292693001 nucleus 0
184.9944310504361 519.8503571594745 168.49323502829066 489.9299813694844 215.8398713519273 463.82290934168617 232.3410823373706 493.7429854923377 nucleus 0
160.88769507485267 495.15669392539303 187.1812695342669 506.0332494990495 164.56551721930737 560.6945710522918 138.27201403168146 549.8181415731623 nucleus 0
121.4049095055816 554.9499023004548 164.29765404755017 560.0414253273536 157.2175242560479 619.6718704740372 114.32479141025397 614.5804142210627 nucleus 0
318.25763871929666 280.3997227802414 349.15195230445534 293.1811146372741 328.1730815306946 343.8861709603281 297.27881397986494 331.10486044720125 nucleus 0
626.0835094967479 152.41979902763293 599.2255975851003 136.9663611250811 632.4530980867712 79.21808713378238 659.3108782871423 94.67147619257807 nucleus 0
564.2910625263175 191.70954468613277 576.9534765279968 132.88163857540286 617.0053584612469 141.50246968136733 604.3431150288234 200.33022788316782 nucleus 0
559.4319792194437 136.27270976712515 585.7349418441299 148.43496734252977 554.6251959779329 215.71359708177 528.3222694735014 203.5513984158726 nucleus 0
567.5475865629414 76.2087049344302 606.150910450815 80.79214854276186 600.2400343390036 130.57519621798392 561.6367123945383 125.99176149554964 nucleus 0
436.4359436957602 106.87530375693274 486.3982765543915 87.94676217412443 519.5621772159211 175.48262632191881 469.5998943203449 194.41107460008598 nucleus 0
433.52509289114096 128.20040408540612 413.4688794487738 143.8913202020851 367.0011530253396 84.49646405136968 387.0572975587129 68.80558897849443 nucleus 0
324.91781613149215 62.57653162621581 331.52412829156674 31.883703970925406 390.4669201365323 44.570494073991384 383.86065059654356 75.2632841918138 nucleus 0
332.3438463326602 32.060151061766156 335.3717358221911 17.99260355714842 400.05198754057346 31.91430900406646 397.0241103628359 45.981846409237114 nucleus 0
640.0002492836938 402.14895399999995 613.8137746942084 402.14895399999995 613.8140806596493 317.1452039999999 639.9999668225792 317.1452039999999 nucleus 0
606.2629608580028 263.0211837877022 644.2964204994496 267.5367535361767 639.6950788582035 306.2903772283245 601.6616222254379 301.7748260552961 nucleus 0
545.3410786899622 283.7899778630034 547.0941474018036 261.1018840892518 594.9961668184551 264.8029299991864 593.2432170186803 287.49091222906475 nucleus 0
591.7101404765708 291.27907575678677 586.2046117374848 316.8564240923715 546.8289661611925 308.38125320815254 552.3345769646403 282.80402041416136 nucleus 0
569.9047274752957 307.9954455396716 562.1969948132028 343.8037808463971 508.6987581718131 332.2888966607156 516.4066579675273 296.4807925540611 nucleus 0
472.673752683113 342.85277062759116 449.2842001745885 318.7960105268842 492.6896235611639 276.59762700300166 516.0790195199661 300.65421876139783 nucleus 0