401.12138667747786 24.534378627740608 424.98291218049417 51.860229407841445 382.20532013248885 89.21442952364868 358.3438297034445 61.888611409362085 nucleus 0
601.901742579139 261.6313527316082 621.4589160483592 261.40287196438646 621.8983687665605 299.0163910394403 602.3411953175673 299.24487090867433 nucleus 0
65.54772218485596 281.4473554032174 63.39103215279465 250.47926499670652 115.62768990945187 246.84151771522238 117.78452697530156 277.8094483313698 nucleus 0
138.06565092796518 195.37371455938714 156.57753913808847 169.6327086611788 205.64831868257897 204.9214419353438 187.13655926920183 230.6623320778957 nucleus 0
104.44253035289876 174.86121644905398 76.13749062969873 147.53352469837156 110.69303570147895 111.74278606180069 138.99799381142657 139.07040264843718 nucleus 0
0 19.744191 38.640214 19.744191 38.640214 49.528446 0 49.528446 nucleus 0
197.08483381684346 435.1934963170759 233.59155850455863 434.76703832286455 234.04993645868672 474.0003679410639 197.5432118414028 474.42682310929183 nucleus 0
160.93591358257981 430.39528351734 158.34768497654295 393.2335578782728 195.42746855920996 390.6513672262355 198.01589220900496 427.81288088344513 nucleus 0
0 589.39253 14.029901 589.39253 14.029901 638.64671 0 638.64671 nucleus 0
84.49374383104441 588.8669112535335 53.94007998460438 621.2992911843597 26.00897626754886 594.9927345979023 56.56240529518982 562.5606277901289 nucleus 0
515.4154658949847 -7.594660401782466e-7 515.4154679329076 18.132360912945412 463.2498568479059 18.13236008146888 463.24985804516473 1.479213126636789e-7 nucleus 0
0 478.896924 20.63657 478.896924 20.63657 521.882551 0 521.882551 nucleus 0
410.05837304539455 495.4951933182513 426.560513005752 467.4683963435515 469.207358910935 492.57435280126845 452.7055124795879 520.6008949785852 nucleus 0
604.649282895698 606.9483331482977 605.4403311615897 618.3032781910955 587.8273759999865 619.529887999969 587.0363762741181 608.1749885979016 nucleus 0
561.0635745473701 560.9844863015668 587.1398071902513 560.679900057456 587.5396497180191 594.9028195851794 561.4634171059879 595.2074035858496 nucleus 0
485.79178039275575 78.29744916787958 454.0162186364614 60.933711867875324 478.19453428921406 16.687650819406898 509.9700479592866 34.05137145631094 nucleus 0
420.6207675515907 116.14541494863613 405.22743937130144 90.6468631703757 453.83239823248005 61.304494725102074 469.2257252208947 86.80300059710441 nucleus 0
394.1256798019458 112.21233364909008 428.0247795343166 111.81628313251235 428.5870862595766 159.94511653371467 394.68798654350394 160.34116607996023 nucleus 0
394.0749887286802 159.88565376266226 440.41600107411796 173.60773734396813 428.3900153970899 214.21978689093908 382.04901940109266 200.49774352891217 nucleus 0
408.5596243429609 231.53082642849526 447.67397021656507 231.07385953235257 448.1323478640843 270.3071917444288 409.01800201470905 270.7641569650274 nucleus 0
513.9733788138255 268.88852371880205 511.2415349147341 229.66226517288402 568.3311434537609 225.68651345063716 571.0631779776304 264.91256249484945 nucleus 0
552.9328694468131 221.176947116098 581.1803558705287 202.26432721916623 606.5209694833902 240.11114472429648 578.2735431797482 259.0236905114067 nucleus 0