194.95703469394357 60.91022852441557 167.00638208792952 56.83607920643201 172.44223635963863 19.54363979274921 200.39285570666834 23.617786541977072 nucleus 0
104.87736108385434 165.95121847703805 84.81376229734451 146.42762369918503 111.25547170173377 119.25502952487693 131.3190272256179 138.77858378729263 nucleus 0
105.21395786723588 162.41554953583673 91.70601879231981 187.17951816633462 45.52645786548965 161.9904793887557 59.03440162401239 137.22659019509138 nucleus 0
153.25188717564743 79.9879995747273 183.74349352743593 84.43250385780168 178.9060914836591 117.61936427443942 148.41448618331924 113.17486546242618 nucleus 0
145.7901227009279 181.39183254780596 144.49831435071246 154.54729151994616 189.16236997458327 152.39799978764236 190.45424892123265 179.24246567008453 nucleus 0
165.961650506797 139.8879453311052 188.39621283048473 118.25376821859835 218.29291078327515 149.25610710338663 195.8583973707573 170.89023455374888 nucleus 0
229.77022690611193 173.3702903266325 210.30303461193398 152.45517623591158 242.7780106532009 122.22893860721649 262.24515808411525 143.14399966939897 nucleus 0
211.19593163239188 128.73924808011358 214.18367662474338 101.95238666969095 263.1153884751984 107.41005026945773 260.12770713052305 134.19685253741807 nucleus 0
263.4838106310781 107.05976642506238 293.97542129067006 111.50425873047882 289.48712787598197 142.2960240070118 258.9955185560393 137.85153813566401 nucleus 0
309.06762446757057 152.5549402827265 286.2176662788261 143.66379306655386 304.0221559505153 97.90757892364852 326.8720186995779 106.7987051473436 nucleus 0
284.9619259895553 115.09255085676656 275.7284785187949 91.63750613846135 312.99102506534837 76.96861314799344 322.22448556793097 100.4236239975514 nucleus 0
183.77881651424104 28.39519018238505 161.34444206851185 50.02950919399581 134.8856952974893 22.59229956361017 157.3200608867046 0.9579884268775796 nucleus 0
279.150683822736 35.182833398186176 314.7242218178144 40.36811114355673 309.2883814605739 77.6605505020957 273.7148445691855 72.47527689866199 nucleus 0
343.962967999978 -0.0000016597316400902462 343.9629707457061 23.8742844896816 297.1704621851677 23.874282252502276 297.1704645459249 0.0000010167441398280112 nucleus 0
363.0105371805257 20.822615210863084 383.1115334136848 45.023290209529165 343.7546341957932 77.71290714422989 323.6536622463609 53.5122551009042 nucleus 0
353.578243677257 25.708843616185277 356.56592043320416 -1.077984977904742 402.5972517053742 4.056130252892342 399.60958230185497 30.842952410893215 nucleus 0
375.5184815022949 115.2456591531606 368.67723078532435 81.14723101195028 413.5735575176659 72.13961617522182 420.4148485890619 106.23799078998353 nucleus 0
444.09178419919044 56.665838045388796 440.6444887030375 87.57373764743576 384.5381638831168 81.31590721068712 387.98549890991126 50.40805115167805 nucleus 0
478.3175328947982 81.91638000974797 470.3589389622357 58.945388064981316 521.924559632098 41.07985730210234 529.8831668401544 64.05081922224834 nucleus 0
521.4232260879362 71.69878156794648 531.7924601708364 92.08131629891001 492.6401176980289 111.99917059870045 482.2709194480558 91.61666657610226 nucleus 0
530.5540877081512 90.34192927129125 516.3396243048192 67.40682925966486 551.7354197813984 45.469689198662266 565.9498816421547 68.40476588850927 nucleus 0
303.9452057595918 167.72500020119776 336.97779401823936 172.5397912549832 331.5793767557625 209.5754810257356 298.5467911732121 204.76070263574246 nucleus 0
157.12628799999948 -2.916640503559379e-7 157.12628817949735 8.32879002748368 129.05064279395447 8.328789830673157 129.0506430000096 -1.0106212500350325e-11 nucleus 0
316.5358425939485 200.25822777640786 331.0928893415985 218.93871687972614 300.95830921847664 242.42060116806215 286.4013259673811 223.74017051337034 nucleus 0
270.1721878848912 203.59515542638104 295.58187783230096 207.29880456799566 290.4702070201165 242.36727258023933 265.06051941127225 238.66363431499238 nucleus 0
209.59982472209958 247.47224980561472 213.50702768781048 212.44326633324394 252.57185381291492 216.8004511259966 248.66478011776053 251.8293173175188 nucleus 0
218.73748686433828 229.785757829867 194.58384401310468 247.00593947489836 177.3094492119708 222.7771137263389 201.46300687534676 205.55697550738256 nucleus 0
159.22724324620503 199.21770170549235 189.71886643281323 203.66209148803603 184.84404652823287 237.10561090300902 154.35242580606428 232.6612332934194 nucleus 0
77.16801716334885 192.49921762703605 107.65964144266036 196.9436100462146 102.24875166277343 234.06486322952048 71.75713013566565 229.6204839919261 nucleus 0
158.83403642008489 250.65014135702341 137.57990958307346 271.1453757149187 111.4108581734763 244.0085053938053 132.66490713998792 223.51334242796253 nucleus 0
208.69702610129025 266.14690287069936 205.24960575865407 297.05485415534025 156.45661796275817 291.61268857119586 159.90417522596545 260.70489465280104 nucleus 0
214.30747931750375 327.37599745663124 203.31470063581946 299.45350839020614 249.0320843347581 281.45629480380137 260.0249235739466 309.3786274069995 nucleus 0
157.39452237190562 356.38822937441194 160.84229603526182 325.48027205323075 209.49628593712987 330.90708885957076 206.04872390511446 361.8148525969403 nucleus 0
220.36791099490074 484.25795056913114 190.26327147410484 435.69152874388703 217.65436138783116 418.7154360864222 247.75897496212565 467.281593921167 nucleus 0
116.55795749276876 424.84908052005824 120.23571706857183 391.8806043838376 166.19752846367192 397.0071561188205 162.5200238078105 429.97539865079597 nucleus 0
0 374.874853 27.784769000000004 374.874853 27.784769000000004 408.289004 0 408.289004 nucleus 0
146.07072849510587 21.151369995321815 124.54828137473669 37.605252148573214 100.2340513204399 5.801102340311739 121.75648935997742 -10.652774329307837 nucleus 0
42.004787134501385 -2.4282471584518097 58.66370800002187 3.999547511940372e-12 54.52566876236233 28.38889780838337 37.86674800001492 25.960651000000375 nucleus 0
115.13800975124468 88.24338805525457 95.07051882566884 55.864439811654776 121.29789206235728 39.60956300847481 141.36538125385414 71.98848841049501 nucleus 0
79.98995665031543 102.72454024432957 98.88215611899795 84.50622714858115 130.0508345763228 116.82756725427504 111.1586688686657 135.0458463569527 nucleus 0
94.33158313302556 105.27396011700738 90.1947988854954 142.36344491675388 59.90046297709341 138.98455552600393 64.03729193662002 101.89512281789165 nucleus 0