327.01800766073575 16.864504850351366 322.8209176861128 54.71054978362336 288.48642173979897 50.90287540077664 292.6835259274958 13.056846037585581 nucleus 0
31.61515891821182 443.94786091294924 65.93091837130487 447.3551106279186 61.39902365721355 492.9903313072578 27.08326827851124 489.58310876084295 nucleus 0
95.88269184467208 453.652624492999 140.29133094656572 458.06198385239554 135.25075704645133 508.8192937837945 90.84212411937187 504.4099747120306 nucleus 0
152.35442811979738 480.27781677052224 182.6330528219114 483.2840939137457 175.5901263433043 554.2053285691434 145.31150752998656 551.1990926513159 nucleus 0
150.0341378962912 617.7349738064116 129.59059570923273 597.6121857313732 160.07576260752103 566.6494016443316 180.51910472779127 586.7719968668845 nucleus 0
138.8024633203895 635.7934222878437 141.46156008675462 611.8242349080787 169.6022472417826 614.9451988017822 166.94332261075033 638.9142288187455 nucleus 0
338.54573337419424 538.925013346939 340.9583593677962 574.9723942190129 291.1485029913456 578.3049226751815 288.7362735901843 542.2579165919889 nucleus 0
379.20772383906296 571.8106462161468 355.7296793099522 559.5709848153938 374.17757879979035 524.1926616431883 397.65530908785877 536.4322235152836 nucleus 0
475.23337413666013 316.5976736311824 442.0788357287529 337.88108695136 405.31065208320797 280.60842447261314 438.4648150004796 259.3251722377853 nucleus 0
455.4354256788065 386.1256186674445 452.35731966109597 413.87945215405136 417.99374765338143 410.06857594864897 421.07197737866954 382.31488452463196 nucleus 0
249.99965541974234 10.186694697817591 249.28112519985007 27.820832753967117 203.944296944901 25.97350420400046 204.66283244051738 8.33937169982441 nucleus 0
559.2606529082695 305.6922403223572 555.9028217342711 335.9691217860004 515.5483743501827 331.4938218880892 518.9063322309812 301.21708587560886 nucleus 0
614.4139174747397 337.96823557451773 596.7589989946282 358.33225521584757 547.4990939758572 315.6287976839709 565.1539038537157 295.2649385266241 nucleus 0
635.2681643699907 280.9181585053672 631.6305280893721 313.718079211214 587.0831986246776 308.77772784181286 590.7209747245361 275.9779659788147 nucleus 0
581.5071857573639 448.95123959047845 620.8693841663626 452.859531001265 616.1073324848985 500.81243058715364 576.7451388535846 496.9041724937092 nucleus 0
219.52357243877486 24.671135939183305 250.95787169979303 32.95710672586819 238.13479312506388 81.60363582103038 206.70049721113173 73.31767321418299 nucleus 0
203.65040074881108 118.72398384616136 196.2785592909495 81.15707023231094 248.79252290149452 70.85219162751278 256.16441751139064 108.41903288029194 nucleus 0
181.9096231074218 111.52428380085168 149.02154477371369 101.47377281618625 163.7913309094438 53.14336050738912 196.67931275529554 63.19385555393719 nucleus 0
172.66003236676625 114.68071842784994 167.06391865125624 165.14216621146858 128.66789766587317 160.88407774622226 134.26409884545137 110.42273219309413 nucleus 0
70.43222353036981 162.1474131357922 95.44406635832274 153.13275314459005 109.65660131711047 192.56563626964524 84.64477107445418 201.58027133826263 nucleus 0
42.8259269856062 166.84099692364327 79.16021517688932 170.44913181788593 72.62823828292312 236.2249395741112 36.2939528242714 232.61682260954802 nucleus 0
109.13757269765483 258.5972911511898 151.5275847954763 262.8066582276871 146.51005733518105 313.3321942775115 104.12004833298852 309.1228499401012 nucleus 0