635.6768806524633 163.47603259345414 591.5152213931287 162.19107582384336 593.0587592962547 109.1475589365259 637.2201748920634 110.43251209829708 nucleus 0
395.4881727130123 283.88549007976724 421.4847402442683 310.93170300664536 374.8831376583985 355.72112376671316 348.8867814152036 328.6751183792977 nucleus 0
326.0949429808534 269.9597434707886 353.33251694974024 282.85777413644894 323.77658369099663 345.268509973333 296.53907328298374 332.3705811763736 nucleus 0
283.0023725127103 419.96230570222514 246.21353631737293 396.8633608108812 285.1841491626692 334.8036317594157 321.9724201163626 357.90234250316496 nucleus 0
339.478530643828 384.20755567385834 375.2565664338181 389.0201967155698 369.88341906369897 428.9603004189332 334.10538906158763 424.14768872239347 nucleus 0
370.268123130154 468.5570647245681 344.27053240891837 441.51183999998375 384.4118947118113 402.93100906755615 410.4092654630949 429.97599145051015 nucleus 0
196.60737129255722 348.1235822454149 238.34840873387293 353.7384094922907 228.97218082747713 423.43450996245116 187.23115423308627 417.8197393607876 nucleus 0
213.76340226473985 416.1474748661159 247.5537826357322 420.69265784327257 239.83579934305453 478.06234068197386 206.04542758148455 473.51720147842116 nucleus 0
211.6900361120497 476.686039420891 249.45579430961516 481.76574340934275 241.75138087477535 539.0345417360747 203.98563439041027 533.9548931348697 nucleus 0
258.41931379109155 490.3483839778153 284.25904690324387 493.8239186977729 276.221201077351 553.57148173369 250.38147614024638 550.0959876575697 nucleus 0
298.90855824072787 475.18366566526436 338.6619761762995 480.53072930418074 331.6079310343048 532.9652150854706 291.8545235966303 527.6182043759992 nucleus 0
602.5413924500754 53.352803926022474 642.9544775561226 58.78956281434419 632.8961861436983 133.55549514830514 592.4831033431838 128.11875018402412 nucleus 0
135.11816111480584 368.16623192510406 129.66290962729545 410.5263629811868 73.95172559583443 403.3521262996439 79.40726564353099 360.9923341808068 nucleus 0
121.81565428327303 242.21220593180558 153.6183094025182 246.49041215837343 147.91620007177698 288.8757040551693 116.1135485900013 284.5975158405651 nucleus 0
254.36131170965382 550.5971769923566 290.1394283444097 555.4092529101252 284.11592157179257 600.1835821623163 248.33781420631567 595.3715527155988 nucleus 0
242.3339400000259 640.0000000000025 242.33451409672853 604.9132208008672 285.9032295065117 604.9138454620384 285.90300942596514 640.0002723678772 nucleus 0
520.3104510544654 625.1760177901464 578.2075932456792 590.3099705725612 597.7838241691643 622.8085124423541 539.8869133619155 657.6742533494996 nucleus 0
444.5277460000216 639.9999999999822 444.5279158995254 630.3438188657362 490.1596951339161 630.3443494641706 490.15962928460795 640.0004273554315 nucleus 0
573.8906871009385 115.63221249758192 567.1523825925397 167.9593275124662 505.2481427873863 159.98769428229176 511.98658911125676 107.6607477137871 nucleus 0
508.3846716052358 46.25976535877187 538.1996314776188 50.270772151109384 531.4835069786204 100.1934654052173 501.6685481298191 96.1824641560342 nucleus 0
487.648670361159 53.83190234625752 515.9989334429702 69.79094550345201 482.9444517022057 128.50984152478068 454.5942142203421 112.55083433767868 nucleus 0
470.03059081987885 240.68087920952522 446.84283086578944 208.4410075724311 494.87608124945837 173.89536036790233 518.0637957809813 206.13508834362491 nucleus 0
437.81673658995715 228.02660231697502 417.23656677750114 206.61464339258163 459.4651804982277 166.02776065613222 480.04526711236394 187.43962718227527 nucleus 0
349.3329296474258 205.66156636237704 383.12324251790415 210.20720378517007 376.41924764044234 260.03988211752574 342.6289383172116 255.4942644671286 nucleus 0
347.6036242984992 263.64273118801265 379.4062881179707 267.9209014928707 372.01720664292225 322.84577396352483 340.2145480817853 318.56762953659273 nucleus 0