403.9768468005059 181.50970924764934 383.35547305687214 207.4734918949996 336.5027592465776 170.2621348693561 357.1240820679668 144.2984536243274 nucleus 0
257.83796477619035 311.2248703532419 277.6822571038065 285.16278861429834 329.5211658695189 324.63134631783805 309.6770943718002 350.6932268734572 nucleus 0
307.2403065644903 370.064280909947 270.8709207303764 385.3540838959518 246.9476128687529 328.453052720757 283.31648907478666 313.16337111468675 nucleus 0
400.61307374577154 490.0056767297945 377.69560702115996 514.0375083203204 315.52006126657943 454.7545528322059 338.4372042997711 430.7230852549641 nucleus 0
281.09011048713 572.768537558929 311.283753371099 552.4347448074201 351.6800412669545 612.4041330710658 321.48666378780035 632.737601020697 nucleus 0
102.26625200004491 -9.32712876311557e-7 102.26625251387304 13.643687075443546 63.539890486354125 13.64368610948883 63.5398913215613 7.173883314470623e-8 nucleus 0
63.53988658855087 7.490968274966461 105.45763734487991 14.380299456056637 97.32105494447751 63.88684237336342 55.403305699437624 56.99751568645493 nucleus 0
36.612365259206854 143.67973966022328 47.36659650574438 118.05036129890823 99.73737537569832 140.02508724494777 88.98323340144998 165.65439032600966 nucleus 0
40.545169972174335 147.4007607223264 77.0542179667973 153.40101393397612 68.9176513379789 202.9075651889185 32.40860812955361 196.9073315495365 nucleus 0
36.3292254308908 192.76065039586896 75.61838435780373 167.6614108967884 94.92008150387846 197.8746098945351 55.63097362217377 222.97378425069795 nucleus 0
55.27000888592738 218.34951421273593 87.7225028230896 223.68299219778027 82.41600540197396 255.96998408894902 49.963515214112704 250.63652156458957 nucleus 0
511.16989249807375 152.65347326469086 544.3189216144674 133.03678616900095 573.092255708907 181.6582081248249 539.943279568688 201.27482651461827 nucleus 0