274.8756249721191 19.341660547164107 274.2200404164032 9.173776997825845 330.08776210459473 5.571645449935528 330.7433490209951 15.739525292998096 nucleus 0
85.72612501819094 191.58665486272835 55.342113374499604 174.91761722947263 86.76130178711901 117.64860999027228 117.14512755694159 134.31758413781867 nucleus 0
26.186098192920326 192.98382924680683 64.82008151047921 187.8150852836814 70.53844942885917 230.5559241909323 31.904469777582563 235.72465060366184 nucleus 0
86.35569220932666 195.28837822337127 114.33147128103883 223.89533306406264 71.13311674380384 266.1387448271297 43.157486684576725 237.53193790491238 nucleus 0
67.98969360963383 248.2284319460332 70.02950846843305 279.86194733875107 13.259444139766856 283.52219844589024 11.219817529199645 251.8888615007488 nucleus 0
77.18072605603084 272.59398442011553 79.07489070756128 301.96796230942346 14.377197577123297 306.1393557850343 12.483250075310934 276.7655827353966 nucleus 0
68.69893864663027 293.24211079983223 85.75090069498401 267.82264926954775 122.19236762808578 292.2669420318898 105.14054273495276 317.6862819869156 nucleus 0
42.00683695053158 353.22232148835093 18.550361164598144 356.3603435315252 13.670105476267054 319.88311472773256 37.126366359589156 316.745107325542 nucleus 0
102.63831941927492 314.00849842148614 92.58944875444286 345.2145806048904 37.59698663066956 327.50720458884706 47.6459718318074 296.30133704199744 nucleus 0
34.131738729265635 366.126585852332 32.52915439406934 341.2716768589633 83.43437391144107 337.98964306329447 85.03711268524057 362.844385939697 nucleus 0
137.76447172254848 327.67974167202516 139.51298688261886 354.794186651829 81.18438157041965 358.5549413114169 79.43608094312367 331.4406992986232 nucleus 0
184.62308384361677 38.774345994542145 183.0933840693615 15.049277015355392 252.40635024601943 10.580237955943662 253.93606407364132 34.30528946646259 nucleus 0
128.37336852309818 357.78119415975885 130.4133081312466 389.414729402484 90.18190353526734 392.0086479602875 88.14215209851682 360.3752909755082 nucleus 0
118.42479581275256 326.6578937247057 116.6765246992145 299.54343129124146 178.87677698214247 295.53310371188627 180.62522928521503 322.6473691110243 nucleus 0
178.89862643678498 331.8342777117902 181.81280860597326 377.02501865826923 130.90738588529348 380.3071004075841 127.99352735702996 335.1166671956522 nucleus 0
194.14175822297693 349.35543922272046 171.2519846340001 325.9502377661287 207.9690028533514 290.04467844119466 230.85864064341877 313.44973643276273 nucleus 0
210.99925572765642 347.91611723369454 208.95959550318366 316.28260168871776 262.6497556497634 312.8209883481083 264.6896104856569 344.45429398016574 nucleus 0
186.8975868200505 381.235052481237 184.12943295348668 338.3038570689365 240.6044736631884 334.66269509257705 243.37292709577014 377.5935681270178 nucleus 0
291.2906453549658 361.5889467252518 289.07423607357487 393.7536809535726 234.37514392426237 389.9845726132695 236.59178061068815 357.82008652980585 nucleus 0
254.77190370344033 305.8788403338449 304.44420114625245 299.23357482294216 308.7084796077397 331.10606518379643 259.03618726348213 337.75130538860685 nucleus 0
290.0357799849007 349.62693726184693 288.14182682726823 320.2528936520138 355.44614718404773 315.91350213901444 357.34032820859284 345.28730035156144 nucleus 0
308.5225659768912 357.2350498634227 336.6069389698532 335.21644629211016 366.3871313294658 373.1970361056675 338.30288740857213 395.2154950546614 nucleus 0
155.93309701849648 95.31694718068744 135.4526695091772 63.79832852926981 175.0332639618864 38.079420616830795 195.51368520900724 69.5980017923291 nucleus 0
365.7631280395435 379.63867939109775 398.8780188959936 375.2086731777713 403.4939992740692 409.7098570794148 370.37911294799414 414.13984063615607 nucleus 0
365.7631280395435 379.63867939109775 398.8780188959936 375.2086731777713 403.4939992740692 409.7098570794148 370.37911294799414 414.13984063615607 nucleus 0
380.70002122141887 389.159513045223 383.17714280216023 427.57166311910225 337.0653445446078 430.5446647381868 334.58850977425755 392.1327870063918 nucleus 0
449.30315940320725 398.37483252528546 438.79880903950834 419.35005775592066 400.51604506566946 400.1802616393022 411.02041800411826 379.20516985622965 nucleus 0
408.08640462724725 404.69740885275513 420.8032969935448 417.6999748136818 395.8491458277422 442.10255104835625 383.1323255864845 429.100056482634 nucleus 0
436.01453008377575 439.29462551876316 450.22534331612405 418.1122184005838 481.6735085547407 439.20715425218765 467.46284307977476 460.38943039907673 nucleus 0
462.39862918642757 457.5191192947852 435.8861140656518 475.7545504247746 405.51084766593704 431.5981980692606 432.02302604280703 413.3629285682226 nucleus 0
507.5902687771304 472.97232326035305 485.8003127167467 505.45187293126725 445.1641954557999 478.19420357447495 466.9540919026622 445.7149354262129 nucleus 0
473.2265741565061 487.15158621911075 464.4330759259901 514.4567721743481 409.7370923568815 496.8450182024741 418.5307429687964 469.54011970048805 nucleus 0
387.095663521759 514.3094533483483 395.2615569970658 488.9548040753828 443.7699279017397 504.57469136735415 435.6043220725405 529.9290959262668 nucleus 0
140.75178891202086 23.45160569085868 140.3875749999861 17.80277899998364 196.08640191501763 14.211532682002904 196.45061787843588 19.860356670328216 nucleus 0
481.6578881595342 564.1021191337959 460.8142542812857 595.1689091143905 418.7195006594993 566.9327199796403 439.563062648449 535.8662621459223 nucleus 0
433.09047583825304 595.9962365040338 466.4935729183344 583.8352090498508 484.0787906725018 632.1239601865905 450.67576657609607 644.2848447422112 nucleus 0
409.5735290378798 609.6523262596382 411.5004987161956 639.5284544022734 374.51996734343993 641.9126502863941 372.59327000167104 612.0367791402418 nucleus 0
403.31047211249825 332.21122465776256 437.16281494918803 301.0463236911229 480.3783251770801 347.984682260508 446.5262256228016 379.1493313572961 nucleus 0
60.42554192303214 35.43749343245209 59.624274498273735 23.010076218325942 110.06378201629559 19.757940225611055 110.8650554587075 32.18535119802055 nucleus 0
493.3701083901542 346.64419743219975 540.2828616588522 340.3682641279449 545.8017306315014 381.6180310312262 498.88898436998716 387.89392895592925 nucleus 0
444.7260842313699 283.86867794359415 424.6970073495322 243.4159431379693 476.03399176325183 217.99900979327262 496.0631069165538 258.451528390931 nucleus 0
503.1408553649817 244.43010293999578 486.8556518892001 225.6174349119074 527.6649554429605 190.292090168588 543.9501045622455 209.10467741358065 nucleus 0
543.6677091047022 193.77608746344953 571.3182049731404 212.96589280360502 537.2917354801757 261.9925190307258 509.641320087394 242.8028107370481 nucleus 0
547.4705724875093 163.14619445889025 580.5854074413946 158.71579572290727 586.782361980222 205.03360721285594 553.6675302022195 209.4639917868115 nucleus 0
622.4667440350458 129.43181350426076 635.5644484055665 167.26433572127888 577.4983298205916 187.3664122528661 564.4007875167154 149.53402809530806 nucleus 0
32.02445621522202 59.95792343551794 29.766328349141986 24.93520932674272 72.16156334980042 22.201729112942523 74.4197124170023 57.22442110234933 nucleus 0
119.9865179448534 66.11380851923867 127.81901658410789 100.01773342037694 71.886591484581 112.93909919229414 64.05416720175708 79.03523847818502 nucleus 0
22.019504376803525 92.39687732015896 51.39960523243644 65.34694268677019 92.0971818696853 109.55007453572007 62.717141497996636 136.5999473220518 nucleus 0
112.39394720760174 141.84345287793474 90.7766315486515 119.73782735384724 135.060225469133 76.4328831466538 156.67748680061777 98.53845208966449 nucleus 0