40.73926102777477 348.3110338679139 33.035305027879076 297.6653023044907 76.87567893393862 290.9970594099038 84.5798523168196 341.64252320711284 nucleus 0
17.59007143758936 215.48725607489584 56.52507365499332 212.3091519306577 59.95426377325202 254.3185700905853 21.019262940244516 257.4966624979823 nucleus 0
49.173316136875656 230.43890735361123 45.00053334013501 203.0058220364326 90.70477804045368 196.05406022075042 94.87764262157725 223.48704427852584 nucleus 0
85.18115308987035 214.16664177923946 81.00836076533596 186.73353287521928 122.36169820142095 180.4435301540249 126.53455915031373 207.8765538727174 nucleus 0
190.19171910491423 180.9214556302717 195.0065862462361 212.57505154393192 144.3278828824259 220.28346084228605 139.5131509964267 188.62998611124027 nucleus 0
272.0482300702133 203.40492817703557 265.27621117238596 232.47425804429668 215.86867787023948 220.9644792197425 222.64077701656788 191.89526601485412 nucleus 0
278.75694862377713 223.58580249524547 272.9792188189458 185.6014934943692 330.1841385825537 176.90036640527026 335.9620016232657 214.88451076772532 nucleus 0
355.1584339424153 136.99764886410148 385.14347092488606 145.1314039879772 371.1718917825783 196.63651588776233 341.18686506371887 188.50278761979328 nucleus 0
339.7692548982741 83.52256335952683 358.80422111622465 77.68425146913954 368.6181686229975 109.68100223583531 349.5832052874903 115.51930718937982 nucleus 0
345.58938941881934 74.73431634159721 324.8823820566031 86.9141642323541 296.61616325254727 38.858750595005766 317.3231343183579 26.678916195024268 nucleus 0
178.23693914615433 639.9999933064041 178.2373807993281 602.0937956053588 224.9044523343764 602.0942423070121 224.90441861227737 640.0000341322093 nucleus 0
303.2400520238298 24.75326406321357 301.5524872999231 45.42684438814962 268.39849212323315 42.72050734985197 270.0860647264926 22.046936190249763 nucleus 0
330.15728361162473 29.24373888072516 352.53213458119717 12.356088435924871 397.1565071221994 71.47989683227807 374.7816766759206 88.3675225074467 nucleus 0
403.91544077421713 199.0587992746784 435.58853143833403 213.0874775259821 415.3749798781064 258.7226177643242 383.701924352863 244.6939989101313 nucleus 0
546.4434048007388 78.3628834610356 580.9442733108881 67.78093716683428 595.416869000037 114.96642699999201 560.9160101717134 125.54835428509213 nucleus 0
490.10981726038153 115.36714682798099 521.0416493839875 105.879931964317 530.8555912606244 137.87667501107032 499.92376592505025 147.36387488512753 nucleus 0
565.9429528821056 158.91254336322868 601.6335563379835 147.96584766361062 609.9664831294649 175.13399914426626 574.2758877149754 186.08067559898157 nucleus 0
523.2044465807849 264.13012248685163 515.8217777771642 215.59458304002993 572.7084382708563 206.94194320745788 580.0913062318432 255.47724120625088 nucleus 0
639.1907998987881 321.0490769671426 626.2379734074784 345.03727951557664 587.9688811598317 324.3747457424732 600.9217176582024 300.38666937626425 nucleus 0
199.60034292351338 562.9095029345467 187.3237287455413 615.5972406457538 144.5791455284052 605.6395342442247 156.8561049591517 552.9522954385293 nucleus 0
640.0001212422649 390.321111 615.0196988119569 390.321111 615.0198325865495 349.61426000000006 639.999977817206 349.61426000000006 nucleus 0
640.0000064141932 298.386248 633.979020904153 298.386248 633.9790319759777 285.038089 640 285.038089 nucleus 0
119.97611081402283 529.2940975439707 158.84615946255508 539.8358516781542 149.28383882244816 575.0865131252472 110.41382081435586 564.5448380166788 nucleus 0
182.18664963234914 546.0316089125782 142.10912433845806 528.2834015836986 163.31941471515165 480.39851098211506 203.3962413388508 498.14653962821063 nucleus 0
110.14072799036512 429.7222759146392 145.83176412437751 418.7768394881789 161.24607229918183 469.032815869565 125.55507872486487 479.9781561745547 nucleus 0
156.54627396193973 421.8634645183307 184.3648566961201 416.47095530493993 193.71826338661776 464.71598938999216 165.89969330721942 470.108454905313 nucleus 0
33.31272105402604 353.8821406702373 54.159551535049104 336.1336033675354 82.86561164386512 369.8475960719301 62.0188789882377 387.5960275879251 nucleus 0
74.69705423718551 365.6683282735748 91.24837300318177 335.01689340248186 146.05366215415415 364.6081015311114 129.50264628074365 395.25927599550073 nucleus 0