0 151.731362 13.043683999999999 151.731362 13.043683999999999 195.733654 0 195.733654 nucleus 0
389.03330992710835 128.10539073034147 415.523839635498 127.33445249646365 416.93075600618613 175.67732506845712 390.44022638387105 176.44826119504998 nucleus 0
387.4779265734105 289.8094994816111 373.5449719028111 279.325286299284 394.0242130373372 252.1110446745379 407.9571029372164 262.5952216464758 nucleus 0
433.30856027088885 248.65004045902143 433.7515858090046 261.33816128327067 413.33348304637184 262.0510258392321 412.89048295191606 249.36292969771327 nucleus 0
422.17730647891585 284.60868703329413 421.4685146595002 264.3076952735234 437.78233791825187 263.73815105900513 438.4911623234075 284.03910876963084 nucleus 0
546.4710626420856 206.58843840192247 544.9649637602124 163.44880025930436 591.75118541556 161.81542985412906 593.257417116838 204.95492914857905 nucleus 0
615.5843800367438 204.06290768818786 634.9428446552338 203.4995409227281 636.4212199672329 254.2977424508523 617.0627554760722 254.86110677632996 nucleus 0
365.84634063896374 325.2728440850203 394.38437526761845 330.13474180848914 383.6558411952865 393.10250901123817 355.1178170302592 388.24065277218153 nucleus 0
388.0763495712017 356.85515868272574 411.1180208384758 365.3130406666861 391.4090820522688 418.99987010299765 368.36744696542155 410.54205800806494 nucleus 0
337.33748632497736 384.0408878153267 361.79028706370445 383.32933350283804 363.63798565551406 446.81823333304885 339.1851851824322 447.52978064513934 nucleus 0
299.24857379599416 476.82455914515566 323.70137560261355 476.1130403890429 325.3281791879999 532.0112230744825 300.8753777093807 532.7227343789522 nucleus 0
82.54483942328079 173.78966218389 65.79319327640405 148.7856378920736 104.04675462268642 123.15779582730812 120.79838661149552 148.16175579489382 nucleus 0
278.0195157894923 518.2290159735312 296.3591173626628 517.6953906998853 297.0988225359906 543.1122692813166 278.7592210763978 543.6458918748743 nucleus 0
369.52304047124926 438.8010278083324 400.0890444648394 437.911609923416 402.5256369775161 521.6345672112358 371.95963360565656 522.5239718117092 nucleus 0
390.96023571553815 541.2873240219732 364.03066998842405 553.041779421319 333.69684702578525 483.559647749699 360.6257416769222 471.8053596986335 nucleus 0
372.751640747083 566.4761454048937 352.15916876222764 584.0951468187678 309.4751635436842 534.2184831569139 330.0673026136792 516.5997180380399 nucleus 0
415.6371695222333 309.86913086375193 435.78940677609353 303.8346204720152 451.7504108855792 357.1321691720332 431.59819129774405 363.1666380077211 nucleus 0
438.5674205705436 302.99296391943386 455.98246638568526 299.6719405150144 469.013796850777 368.0012538460195 451.5987592498277 371.32224844366993 nucleus 0
479.6156638002867 415.44758875700234 461.28821036334557 421.9376279856509 446.1373593387543 379.1574553621479 464.4645867893996 372.6674601894862 nucleus 0
454.34830514219357 442.48086472198685 473.45931485171604 434.13879586970575 496.2105319314287 486.2519404219202 477.0995704872621 494.59392750010556 nucleus 0
489.4281092983874 519.9877913247203 499.1562111568055 503.1463839857557 543.978591330233 529.0318811511564 534.2506859444984 545.8731184699507 nucleus 0
529.6163595793769 549.8957775079587 555.421391194468 532.1804705527528 573.6671864998061 558.752322393789 547.862251466795 576.467511625188 nucleus 0
107.05583687551552 155.51784610917147 122.81015142150864 184.6340025066396 88.26708179818525 203.32420554725576 72.51285640631977 174.20812581506618 nucleus 0
607.2753690673562 578.1722758924054 584.2601399917476 597.8638673933447 556.7217732557765 565.6850486675477 579.7367531881173 545.9936342031694 nucleus 0
596.885962662418 542.6543529634333 621.3387663216417 541.9428711527004 622.8161098101555 592.705582048184 598.363306468309 593.4170562416925 nucleus 0
636.509605752799 599.9716389432301 623.7013474178821 599.8971404722508 623.9979499850597 548.9402453568212 636.8059260000155 549.014743 nucleus 0
636.8938375396101 533.9105412060566 628.8670363083656 533.8638520294684 628.9801266795257 514.4291880007501 637.0068670000182 514.4758770000001 nucleus 0
189.1829737648368 640.0000606187032 189.18339679577912 588.7915056274993 227.5241914876824 588.7918181316504 227.52421575678454 639.999929178342 nucleus 0
204.0357929252059 639.9999997843518 204.03605600753508 621.8584585408269 246.82104108243948 621.858966224697 246.82096012096736 640.0003251660146 nucleus 0
6.94751879593241 639.9999986618202 6.9478884190903045 610.7067929845036 46.861482687236276 610.7072333426394 46.861384439253015 640.000168118254 nucleus 0
34.67950500002189 639.9999999999737 34.679553173773456 635.234677174158 61.30186108755879 635.2348622564281 61.30184299938264 640.0001550757805 nucleus 0
132.0025278387766 127.94458558071153 110.89165530160244 104.14090744529965 168.22746321020531 53.29160627341045 189.3382925329206 77.09522325871384 nucleus 0
243.620248835432 34.23061837427533 242.51277783652768 2.510349305081136 281.29681572732807 1.1562565184688363 282.4042947298585 32.87651647867064 nucleus 0
220.47661805831012 222.86794488030597 261.2312829943403 221.6819065086131 262.78560616738105 275.08923186059457 222.03094148178934 276.27526433368416 nucleus 0
164.34622812950693 395.2390993575577 163.54884521482745 372.4004402802252 196.14699236582965 371.26241439258285 196.94447771966225 394.1009672818909 nucleus 0
260.4021701349848 363.49870198463054 242.35403599501296 332.2649966394947 295.92812998635054 301.310177346279 313.97626553873124 332.54364605217853 nucleus 0
411.4845148548193 92.40488330366429 404.60633214970585 124.74241411816655 355.4102052349481 114.27843001425104 362.2884325493942 81.94096336492932 nucleus 0