229.71976572807762 179.15885237413758 205.77545617321448 173.67312523127475 217.17773336262326 123.90524846164432 241.1219122471084 129.3909601697454 nucleus 0
366.76259984931676 639.9999972137238 366.76276591053465 619.0742313204956 391.2701560077403 619.0744252876518 391.2701100432605 640.0000708876961 nucleus 0
446.2090563050151 600.4206995422807 459.8616624656279 625.1526260844191 427.14420211741526 643.2079618015907 413.49184326667455 618.4762481719403 nucleus 0
265.6662538245291 544.5359190006039 291.2829083302495 536.786853788805 310.26138260502194 599.5106489725092 284.6447746477497 607.2596062811149 nucleus 0
13.002775173808914 83.68381497767243 27.516144154651556 75.15291260209194 40.1942212528229 96.7216292564906 25.680857664046925 105.25252445749263 nucleus 0
463.1858880856453 607.5451234785803 458.93094027938787 583.3333834710104 502.1430010232143 575.7412451106579 506.3981305392372 599.9527504348744 nucleus 0
582.1584023543983 534.3125765151274 590.9567956142564 557.3917695301873 548.9178230693506 573.4141900739926 540.119682318691 550.335211125153 nucleus 0
640.0001139144297 509.22855 620.7122923935822 509.22855 620.7124734785612 466.141394 639.9999923839641 466.141394 nucleus 0
277.1342156919127 360.4996148614065 293.0773557446082 362.89829051731397 287.3877446627739 400.7111207117549 271.4446074447915 398.31245800470595 nucleus 0
295.1170419067057 166.5671827767785 317.1445004078123 166.72708716081078 316.6786928921647 230.89215547993905 294.6512343930226 230.7322518551064 nucleus 0
242.3354241377092 165.54143455223004 263.42255655879853 163.3252320409997 271.19825058296556 237.30880324629626 250.1111201284948 239.52499340783223 nucleus 0
315.8482622743031 467.4587904117591 294.8382943117758 465.78291863229964 299.8163654903328 403.3856986287 320.8259104321769 405.06155347946896 nucleus 0
513.4464296705846 595.9412211986909 506.8276498146588 558.2785270196364 542.1944297092705 552.0647545441684 548.8134342677222 589.7271595884546 nucleus 0
263.4953988865891 174.82648698251242 279.2591630676179 170.0569047413899 294.97883283533156 222.0099922905307 279.21507716353517 226.77955553701113 nucleus 0
143.99314473645063 103.39790752263568 126.47099174544564 125.26974024718201 85.2879803362157 92.2770408939796 102.81010964907182 70.40525162041612 nucleus 0
507.7359729336604 593.2231231966528 519.4543649742991 612.3544979601398 485.6883909903263 633.0308890124355 473.9701966087887 613.8996868107506 nucleus 0
291.7115666475729 512.9439898526424 266.1357250598667 513.2294583699546 265.55633087613387 461.30877654531474 291.1316883176187 461.0233107416359 nucleus 0
134.9121890970855 122.05739272455554 156.328268440775 95.32523094389157 199.61532980007178 130.00366475162895 178.19932588667143 156.7357566714517 nucleus 0
247.25891455687815 521.5571511924988 270.1022046043363 521.7229458537955 269.7535501432867 569.750356491671 246.91026010892529 569.5845634467087 nucleus 0
579.6123821905348 474.75715027454095 613.4028375106573 470.4869338644959 621.7413781827054 536.4582510619097 587.9509328815766 540.7284143091806 nucleus 0
276.25307725211314 259.87393564076297 293.0997522421967 264.7025330718958 276.7216518425266 321.8412259240192 259.87498952068563 317.01265949710506 nucleus 0
472.4122182832798 639.9999976737836 472.41225014440715 634.5261558530957 490.07910793676274 634.5262409352323 490.0790989999223 640.0000597907336 nucleus 0
274.66793861371116 471.6827129103085 256.9205681602034 464.2960419658268 274.74583295515913 421.47544489501564 292.492962416145 428.8620589834168 nucleus 0
284.8898570048914 639.1402573367029 257.8172654318041 644.2315897895277 249.66823337512324 600.9110365691746 276.7402860819129 595.8197563003341 nucleus 0
190.5009714476182 102.79843118443699 210.55945332373085 100.69029364984068 215.42085881628736 146.94505737090134 195.36237766806153 149.05319039487136 nucleus 0