374.50995185899956 218.82895123678023 358.11416239710525 245.43258256736848 305.233505153592 212.84328570434576 321.6292808417347 186.23978923021724 nucleus 0
110.66567535533977 233.55838721697216 84.32968166132923 258.11713589416365 49.52529132599011 220.79535858449765 75.86115937963768 196.23671636474967 nucleus 0
150.4535853285779 204.35901597180276 186.09582697914448 211.01030360091733 178.03446377110959 254.20706876373967 142.3922290761402 247.55580608177323 nucleus 0
209.82447203314223 231.4379856269902 228.8743727441033 252.39702806996002 191.93740570844966 285.96766020047005 172.88760972696764 265.00871859491747 nucleus 0
122.40852900220489 327.2930981333852 107.26247794627852 362.6627262764565 36.03294884916977 332.16277059460526 51.17910544438928 296.79348276809 nucleus 0
229.42107810544258 331.7807501811449 262.51751805502863 337.95661091743483 254.4965217463323 380.9371503820746 221.40009174479928 374.7613254191957 nucleus 0
219.28301475280023 395.2882836632724 170.3714765208133 440.89541008000305 150.61444784514606 419.7093007262162 199.52574876973813 374.1023759046677 nucleus 0
564.0428800731024 416.29175728881717 595.8664365994628 422.2298070197801 588.1557853493723 463.5473103885321 556.3322398922901 457.60930156676415 nucleus 0
575.0669846757228 470.15638233984356 586.5234849999979 472.2940140000012 580.618629426317 503.93520375953153 569.1621325187589 501.79758455230717 nucleus 0
530.5295937720075 552.0529489747861 528.201527473575 575.2957426586286 480.215245821164 570.4900951103652 482.54351921365014 547.2475360053675 nucleus 0
430.47711751591123 637.1916057646379 430.27952879208897 603.1770050149142 467.27014278534625 602.9621654124019 467.4680193892709 636.9764770233214 nucleus 0
404.5966039101768 151.0234459453478 400.57608098017226 191.17000069026142 354.4582825868565 186.55146584822586 358.4789087340323 146.40502927035485 nucleus 0
408.89756596588995 570.0143384333783 436.90240236865066 575.2392404183997 429.2724325155723 616.1243797329776 401.2676093265327 610.899525646578 nucleus 0
273.4864671982359 531.112945932535 288.0302034477063 552.8786201236514 228.66063873407256 592.5393437316717 214.117269043345 570.7739942473238 nucleus 0
124.86770477080427 627.8037470837269 115.26743418056867 600.6759480519889 177.92558196066238 578.5076314817367 187.52604299705126 605.6350252995022 nucleus 0
123.65352970460663 613.7460727000858 122.48941845216905 625.3674428014232 85.74466099998972 621.6875900000236 86.90885941330635 610.0663187370036 nucleus 0
391.8665481253993 143.34613367334651 396.0987769921485 101.08661846137969 446.1333390638174 106.09746260475681 441.9012184400344 148.35687532501754 nucleus 0
337.8289547128952 148.60532279382434 340.5799103692698 121.13664794456703 384.90400456503266 125.57558127855991 382.153116893096 153.04419302690366 nucleus 0
312.6254084564425 92.77429003862578 334.2725483352842 116.59178933926107 294.9437783221947 152.33628574613863 273.29669827013277 128.5188438632126 nucleus 0
332.15469090413535 113.77825223966234 311.4474719714781 80.2007924687529 364.8946026257181 47.240106706259525 385.60181613582245 80.8175042405721 nucleus 0
318.6993074281054 44.24967727836681 323.44481537351385 -3.1362111070185867 370.71388778975233 1.597599869891189 365.9684013421793 48.98346689636205 nucleus 0
168.45601825683843 34.48573539876363 189.5809219473449 8.020148130634118 238.71164804964792 47.236400579612194 217.5867720777751 73.70196289826492 nucleus 0
173.96125857107108 106.62749624469164 214.69521024213464 114.22915630934446 208.3187059773627 148.39763819210884 167.58475757866108 140.7959905971483 nucleus 0