251.02699616239988 492.8373104995484 253.9157566117501 462.2175514613403 303.13630692340666 466.8603328307688 300.2478389103635 497.4798204517675 nucleus 0
154.66762983873195 164.09605297801474 144.12109722630703 115.8155696292616 188.9433803389693 106.02459671819199 199.48999233340146 154.30496673626087 nucleus 0
318.6816372207977 446.68489148954455 343.3427314001892 466.8268507375775 318.80276552401483 496.8676206203176 294.14179507446534 476.725797827861 nucleus 0
323.9051532008307 623.0882130591972 323.11576448184496 609.5358491179983 358.51169886002026 607.4746081068641 359.30119059150456 621.0268623078489 nucleus 0
179.97389755095355 384.3939453842928 148.0096927296836 381.3857451659134 152.8130348984996 330.35459509615566 184.7768042649841 333.362774593043 nucleus 0
170.54794676514575 562.988194621582 212.73994551018404 554.013826507198 218.5588257215568 581.3641275263333 176.366843732103 590.3384421961634 nucleus 0
113.02573815351934 98.28814008541748 139.39546098576102 92.67790454773174 147.45607834083785 130.56479787960677 121.08635838558257 136.17502417520066 nucleus 0
230.06534549043863 306.07086773664724 253.82760540553136 295.57375292777647 270.8450198944047 334.09316646893103 247.08279152720934 344.5902285244258 nucleus 0
235.50593362750078 427.82176157512106 277.69774717737164 418.8465249689667 284.86108030025207 452.51604480912795 242.66928230288613 461.49123093560854 nucleus 0
191.3841717156174 492.5027933496778 207.20614744510385 489.13724580526923 215.71087935270043 529.1117676539906 199.88891172077274 532.4772890870529 nucleus 0
271.55863377083733 558.4119374994123 329.5726348215976 546.0721500799326 337.17695789790014 581.8145643412422 279.16298634059785 594.1542562751952 nucleus 0
162.00356246205047 509.871916425729 193.64752612265875 503.14092631227857 201.71738647579332 541.0716328678494 170.073438271138 547.8025720277326 nucleus 0
218.5576264536212 361.11597734836374 252.83842172982986 353.823333714953 262.24659656851145 398.04415348181834 227.96581574482843 405.33675072262616 nucleus 0
271.77713497345394 626.1243226934446 270.51395674010564 604.4390694247811 299.43287566275103 602.7549756984452 300.69618831403204 624.4400853613741 nucleus 0
271.7373994980153 575.7609068042004 272.2172968069208 602.1245469640089 224.82478413810895 602.9866164898131 224.34516563167563 576.623250026476 nucleus 0
96.51209417374048 383.42219059014224 128.15593093670032 376.6906160185248 136.66064149532758 416.66502197305033 105.01681736437604 423.3965556018255 nucleus 0
63.33667744889681 84.97980823447782 100.25429190834984 77.12547108980952 108.75593464355916 117.08534627129195 71.838323590855 124.93967147647888 nucleus 0
252.11781481797516 169.2006816573867 256.24479713071196 188.09303694230385 216.67884603833954 196.73581059218918 212.5519233050727 177.84350701915906 nucleus 0
54.37712385566556 56.24402693522235 60.79673397747683 85.63215549738035 7.146507291909074 97.35151296254942 0.726949552554288 67.96342934996281 nucleus 0
238.2201281916059 537.4651924283567 266.8869437579997 517.5798197207937 292.99812482357083 555.2137457249704 264.3314643287158 575.0989327039285 nucleus 0
324.75268859780044 445.6847129875203 359.0335666584724 438.39244835931606 367.54748977291456 478.41016618743686 333.26662721970933 485.702379605547 nucleus 0
201.428271608238 164.13080503531046 210.02064254163997 133.62200236628865 252.67321314553556 145.634282846662 244.08093308418756 176.14300773890423 nucleus 0
269.64499778478057 510.5511032338694 309.1999335411674 502.13730776395664 317.69240320259996 542.054099482686 278.1374881842203 550.46782770279 nucleus 0
211.81092596678354 316.44938740357657 238.18073265443672 310.8395345360233 244.45588971335383 340.3343981940826 218.08608942264982 345.94423042223184 nucleus 0
257.00519823389186 205.5214053745601 263.4250243846327 234.90951273391406 231.8179160721047 241.81373328157974 225.39818081328121 212.42570507117338 nucleus 0
317.3114588936005 539.8398230923807 310.89073497540085 510.4518291868647 350.41100651724264 501.81910348829973 356.8318943275517 531.2068664563445 nucleus 0
335.688575959648 548.9078920087435 375.2435712223087 540.4943519599259 384.18931826687185 582.5416910662461 344.6343470461579 590.9551549065097 nucleus 0
295.4351694515208 592.9049178406724 319.1682046263304 587.8569660205845 326.4588550800545 622.1248922810009 302.7258323627757 627.1728042414514 nucleus 0
280.35156153033313 201.0279905474704 271.3770823888626 219.14395834720622 238.99734396240092 203.10377903606806 247.97183141839923 184.9878610414035 nucleus 0