550.6621867114882 326.0131495359445 549.0048260313779 361.4451706440409 504.0548478801793 359.342578407401 505.71240167322685 323.91076219470017 nucleus 0
368.07757333772315 76.32814311229498 379.11358173740155 51.90909494231669 454.4982025304489 85.9784392856619 443.4622665189818 110.39742571664826 nucleus 0
631.3919483067002 51.540036174685255 630.0783725747897 67.63220470308562 587.1666839726822 64.12937831210284 588.4802733649121 48.03722437900632 nucleus 0
523.3063252433203 82.43411901518465 524.3787350531784 59.50758420947878 554.4508492564637 60.91423011613411 553.3784587226546 83.84074597777524 nucleus 0
593.8631122765219 86.65724407959831 631.4705889867764 83.81966000810097 633.0522281155572 104.7815348120966 595.4447516228538 107.61911675433014 nucleus 0
363.58040386170615 207.2361795240171 391.19291423841787 224.0663243482894 360.22946556826355 274.8645177064644 332.61702288960805 258.03446252691333 nucleus 0
360.8882871040987 208.17355765121064 336.62507899061893 224.67140726113826 301.55788321237196 173.09976061584476 325.8209315791464 156.60198646350304 nucleus 0
361.83385310840094 148.96296403621147 350.56474718898244 166.5828243301671 299.1057737144729 133.67172142778503 310.374869119114 116.05192064040496 nucleus 0
294.2680068019399 105.19640053746274 300.4126929917402 79.94116176120562 379.81212673534174 99.25912143559327 373.66753263202554 124.51427942656196 nucleus 0
266.2545706440869 91.29840077506807 267.4244872689451 66.28763590043617 338.86724224168574 69.62942061131275 337.69738138893445 94.64013137256347 nucleus 0
238.25946688855765 179.80688442431077 239.62441653755377 150.62762745003425 303.4699397323857 153.61410049711282 302.10511112891254 182.79323868479554 nucleus 0
556.0506889445969 298.3313834736093 546.4626485628833 329.50888174787747 488.18497385116643 311.5877035545652 497.7731335504359 280.4104235056107 nucleus 0
302.65526101567957 132.68800123847572 301.4854121286771 157.69879896838202 244.47006848509773 155.03189698299235 245.63999000740296 130.02117602391758 nucleus 0
224.4860948681162 105.50633987660788 233.5553382440412 80.20406097490097 293.5019906295929 101.6909186899744 284.43282142332464 126.99313413389507 nucleus 0
241.25304274559312 77.28932746055867 237.70500530758 54.512935768129665 276.9104884411354 48.40563492415282 280.4585431305168 71.18200503526842 nucleus 0
225.55630733178987 39.26379705570207 226.38497908083082 21.547838271684377 283.14462644462765 24.202775870069054 282.3159671200847 41.91872417809198 nucleus 0
184.96921208759886 124.94255911199703 202.41100162391376 100.37494883240859 243.92684520942566 129.84882489275458 226.4851213725342 154.4163762694065 nucleus 0
214.23106758404174 88.80991398592161 207.73201299380162 115.5222336654079 138.93727738104644 98.78459749819504 145.4363774255762 72.07233992204159 nucleus 0
192.64645440394816 43.99078255565071 191.086630573991 77.33846889328107 143.5191898863559 75.11348570615309 145.07904690683063 41.76583407177179 nucleus 0
145.29717077035457 83.40804939760504 113.32541771298565 97.00062113809136 95.74561783134413 55.65040002025661 127.71730913700594 42.05784289624253 nucleus 0
169.53953851196275 117.93598312835951 151.28664188159746 140.7725057438234 103.60281250454136 102.65982295244729 121.85567616019398 79.8233611280004 nucleus 0
100.31515367991233 134.85360081791154 115.47701331503049 118.71750049527263 167.10498547399766 167.22758922925024 151.9431916980102 183.36362527318346 nucleus 0
449.3781662173569 302.2096927540808 466.67111464048503 280.57561240701625 511.62161229549383 316.50378487706394 494.3288171169843 338.13772327007024 nucleus 0
148.84145940537564 134.64107087647744 177.3712729941326 132.48845891762545 180.49638359967503 173.90667944625503 151.96657058651908 176.059286271212 nucleus 0
147.21995248306484 182.29036860276642 178.34339335553523 179.94209848379032 180.95586158560764 214.56619867706667 149.832421389292 216.91446278085687 nucleus 0
206.04481577516708 218.25744689119662 180.52850437699817 223.05380286412583 172.69727616549062 181.3930328365782 198.2134312690323 176.59669192700773 nucleus 0
200.2290683274623 193.4420358551728 215.79078775648668 192.26790296454823 219.76886053103954 244.9907197236699 204.20714165047684 246.16484759270816 nucleus 0
217.312150899088 277.1637430970798 194.84033731394447 298.03174364353123 154.33684746683866 254.41750278414307 176.80851576187706 233.54962464494616 nucleus 0
220.17997225957515 239.1070945033549 252.49933842169412 230.97126859594147 266.5347913502046 286.72408099251317 234.2154419531289 294.85986113626274 nucleus 0
304.5483540434361 287.5374019041634 319.1250203608797 339.5332180793838 274.41468674769567 352.06619098999624 259.8383553411986 300.0706613792736 nucleus 0
224.39512594814005 394.8579967770633 218.7502118653356 358.62275341955916 283.32545948003826 348.56375236268195 288.97063811920816 384.7986706304368 nucleus 0
345.58338590242784 376.9953938409224 343.92605105887924 412.4275062551293 283.0145808107045 409.5782678270635 284.6722155889438 374.14647020937315 nucleus 0
408.2037831933121 300.55053454587886 407.2289099966292 321.39295994355166 335.27469457556435 318.027284564915 336.2497318464011 297.1850327167456 nucleus 0
431.01537072929204 244.55807617974116 475.10690953131416 241.23142687701068 478.59634677872236 287.47824167863496 434.5048099110136 290.8048756502603 nucleus 0
341.7990326489962 345.4867764893089 342.9691090898996 320.4758914247432 404.197036621772 323.3399515259163 403.0271592072677 348.350644878604 nucleus 0
379.0438850999635 326.9496714497462 402.98740397447546 370.5651480453452 363.46212024611305 392.2609008028965 339.51890794356586 348.64568859541174 nucleus 0
485.1251262085134 366.23723677427176 469.75341775461857 385.46744808736526 417.59441473819606 343.77775138806976 432.96603535549366 324.5477095179819 nucleus 0
397.1756940898922 349.18644935635996 441.2672426421341 345.85995414759685 444.8526940170268 393.3791669428057 400.7611479854677 396.70564019992804 nucleus 0
376.9402308573626 389.7002664059412 386.6256610387063 372.34984442105497 432.64724737520737 398.037321518985 422.9619733936852 415.3876088999557 nucleus 0
379.8707703564287 418.9934631652199 387.9045870765549 396.5831055403079 455.7325811404735 420.89523095835267 447.69906243265723 443.30533538177804 nucleus 0
433.80740282140323 385.2714889558 470.1180933917203 382.5320695815633 472.4665340413776 413.65677719264744 436.1558449876611 416.3961838612893 nucleus 0
482.34894741268363 371.78269069884425 529.0341195498331 368.2605542616954 531.4305624892586 400.0214872335027 484.7453921337001 403.5436076154804 nucleus 0
458.6793165998097 403.7791464479303 502.7708736350178 400.452752242154 505.32547763992625 434.309869326732 461.23392257417436 437.63624592204394 nucleus 0
491.656527911764 431.87020818152666 489.60910834408423 475.6391814318476 454.81284664601844 474.01150053336846 456.8605097516411 430.24278300333197 nucleus 0
444.0921240392345 250.98109830061506 406.978910783364 261.4036948582199 396.27750288447714 223.298906224386 433.3904725359753 212.8763458800443 nucleus 0
488.76783998719475 492.3102026379158 490.23066081121215 461.0465657332985 567.6755200180196 464.66929397789204 566.2131486091675 495.9324997872619 nucleus 0
632.1963813073671 446.214965670476 633.0970890031313 473.084146579906 557.3020780974912 475.62397744360624 556.401731376609 448.7551502367123 nucleus 0
623.2176399195305 471.44461005977644 621.852688907311 500.62396692216174 573.457046556432 498.36020961185045 574.8222398140933 469.1811090670202 nucleus 0
599.5113326912542 499.57872052696104 597.6589223987685 539.1792762961104 556.8604272529046 537.2709154151555 558.7131338853942 497.67067233035607 nucleus 0
528.5955893672508 500.72790443009706 557.1254524405231 498.5757023837172 560.8973245246307 548.5661197217419 532.3674637309887 550.7183006889169 nucleus 0
588.4847898449516 604.9718748514777 599.8411665106687 627.3407376349915 541.8584237371397 656.7686002453411 530.5024460433197 634.4000782136735 nucleus 0
511.64771334573743 594.3802157705569 497.43389723385917 555.4088309524595 536.0398280479421 541.3316803733803 550.2537962308998 580.3027272669761 nucleus 0
499.64669137014425 569.5141167115581 503.3364366665046 601.6517104610032 456.4301520013396 607.0352347210392 452.74076979985693 574.89797183869 nucleus 0
445.60399589187 589.1011217461974 428.2962730487634 606.4259912497912 377.6795497490093 555.8713966195571 394.987010106488 538.5467903267947 nucleus 0
319.5785608397273 525.9627131829815 332.3222624564369 508.2654594818806 389.0976457486249 549.1403875984628 376.3542187083658 566.8373940371314 nucleus 0
445.4948188059643 194.47041164408324 476.6182554826082 192.12214665851513 479.9735375657474 236.59092372222665 448.8501018822717 238.93918025844644 nucleus 0
313.7148940050247 501.9638620652339 326.3064970317646 472.96105713453017 390.5774174704129 500.8591167663542 377.98626193078235 529.861541590398 nucleus 0
187.80185355513822 482.41003726868513 189.36216954178235 449.06216473595987 261.060490089003 452.41608620597856 259.50060666124045 485.76354484910615 nucleus 0
200.80494117442868 476.7515788911587 198.75764404474467 520.5206645031328 142.50896314741112 517.889580622465 144.55669314258557 474.120948733534 nucleus 0
64.93598531698808 474.54567654808704 114.21480333163345 470.82813980875983 118.09255107560602 522.221450458092 68.81373698808602 525.9389516431934 nucleus 0
142.13114008198318 522.049381620674 140.6686557433568 553.3129908512932 81.29109221183171 550.5354537524995 82.75392846029717 519.2722162135063 nucleus 0
62.677312832529424 516.2441328893754 61.507311721506994 541.255019628098 26.869416482077213 539.6348127526893 28.03957935590006 514.6240964805422 nucleus 0
29.546193892529118 541.3448488058692 85.30908809472749 537.138393847943 88.40031253792404 578.1079135952846 32.637422387924744 582.3143326060901 nucleus 0
76.26350400001684 640.0000000000191 76.26376398700813 627.0297762808984 129.39011905495136 627.0304863840082 129.39002132989117 640.0005492717252 nucleus 0
221.87300540826982 599.0240601359095 242.05062339846336 573.7861857938615 269.8082993717253 595.972650730496 249.63089716547984 621.2103256284524 nucleus 0
410.0171603375202 181.77361096850407 437.5526315404568 174.0406442128921 448.58813888029545 213.33471348957826 421.0526771467994 221.06765710917745 nucleus 0
355.15229213924613 187.50150697437397 377.24824089411413 159.85749821113123 425.0172620610101 198.03847340670998 402.9214444500394 225.68236114867645 nucleus 0
440.45617301831953 133.7120790373565 453.43400149075023 162.5497807757634 396.4144605550973 188.20963867522687 383.4367587426823 159.37204418835478 nucleus 0