141.81553414884547 449.92282598086723 179.8614411570452 457.9289518981534 173.13775915929 489.87533513135656 135.09186612762278 481.8692549054624 nucleus 0
440.1748784851952 26.533253580448303 475.6841353022901 34.00679135060087 468.5216032216704 68.03830585340363 433.01234770478914 60.56477258255203 nucleus 0
500.72677052623476 443.589644473426 541.309078124541 452.12958831517227 533.1852948603773 490.7280718389817 492.6030054938019 482.18818650055766 nucleus 0
462.03747899999144 640.0000000000098 462.03760781187157 625.2820514706782 487.01540281792404 625.2822386397385 487.01536051412404 640.0001006933986 nucleus 0
308.8877144014259 419.1068072923923 300.5305646549823 395.75012077428136 359.6330482974008 374.60525818836527 367.9902987170499 397.9617290655378 nucleus 0
436.2724535384041 22.988919122725306 437.6167200899363 13.51797736633165 476.19519100000616 18.99364099996814 474.8509276792174 28.464579918193643 nucleus 0
132.08871578586695 182.53652012019867 117.07966604008107 156.2611421689327 168.2611186002032 127.02570117830444 183.27017273077217 153.3009945169927 nucleus 0
376.9592492964148 75.2219321904177 382.39966989181994 97.64136012116084 337.4078434756666 108.55920454980492 331.96746447989426 86.13981315089036 nucleus 0
395.1321249955072 467.0752663334059 417.9596818541904 471.878886865533 409.51639148188406 511.99565910723163 386.6888454673608 507.19207441811193 nucleus 0
54.1130965026241 212.2073914802492 84.54965636541601 218.61305156663633 77.01939837905229 254.39173598326346 46.58284462886513 247.9860961269543 nucleus 0
271.32714745363046 102.09384316321872 268.3305120624573 77.40203417533513 327.22096280325786 70.25500983263872 330.21763798067695 94.946770879141 nucleus 0
490.4646385077649 639.999917909813 490.4651172096055 616.8939951328891 555.0121430832951 616.8949973841527 555.0120127560513 640.0005723838972 nucleus 0
100.57470695515804 331.2179935932611 93.77382908300206 303.19374539168643 140.21871446297155 291.9233466079754 147.01969683163043 319.9474391161312 nucleus 0
532.1333622215025 256.6118167128195 562.5699465732032 263.0173721994333 554.5298797916621 301.2183083598918 524.0933033709734 294.81277885773534 nucleus 0
36.847857457687496 257.91043808856494 9.572204024298117 246.2209983342834 25.185978281879216 209.7902052106756 52.46146791112551 221.47960493444373 nucleus 0
399.90499936226115 98.6597820262326 392.5676512681821 78.15134740039835 434.48366519653064 63.15502073997969 441.8210261382774 83.66342826043544 nucleus 0
263.2257137141278 91.12232083810525 275.0748884618224 111.86608262119988 231.81892217959103 136.57429484923216 219.9697980293422 115.8305768575503 nucleus 0
174.76128132904705 475.39928960675894 181.0357358067995 431.2015008122794 230.8816375270544 438.2767115305984 224.6076039213949 482.47412101642686 nucleus 0
60.939725093048764 279.8647509339107 41.70855196782213 296.6089284437393 16.55764446972171 267.7239149885447 35.788728754778276 250.9798028381776 nucleus 0
0 258.944644 22.021933000000004 258.944644 22.021933000000004 309.344286 0 309.344286 nucleus 0