548.4897419925255 496.1918988155927 578.6665220726718 509.27111689471195 557.1371496919892 558.9341025057012 526.9604503231676 545.8550229870591 nucleus 0
466.88538695576426 575.9592578007204 445.90435065743804 559.9507641061685 481.2948986142874 513.5777584672543 502.27560990242637 529.5860663876558 nucleus 0
640.0001003858779 421.797361 622.7150407514273 421.797361 622.7151197376224 387.269181 640 387.269181 nucleus 0
600.2429925410979 183.229622568055 620.4116038879874 177.71574681011106 630.6565236272581 215.18849448840626 610.4879187263577 220.70235434042826 nucleus 0
577.7843861551082 131.28894626546946 554.6842138728243 151.15594600995985 510.28368189086905 99.5300851171886 533.3837734649569 79.6631433422679 nucleus 0
354.1987249286467 276.4174886006309 377.5519210456696 270.0332012481193 387.7850084502279 307.4627159849525 364.431822755505 313.8469764598855 nucleus 0
318.5513906094275 318.1431950949801 346.67687410721555 289.06310509606783 378.1531075932435 319.5039157270279 350.0277782826015 348.58385372207135 nucleus 0
282.8342888838233 175.7641568736989 245.17216066939 226.78452553331624 219.2828044633643 207.67398772258952 256.9448893763183 156.65373459990835 nucleus 0
557.6025724536157 486.2792143613697 589.4481432759494 477.57439360106645 602.5762877045781 525.5933686247768 570.7307491404936 534.2981080175705 nucleus 0
119.7741880526155 118.26587553266307 84.43880443781381 142.72996991414962 51.703711688533076 95.44844474506496 87.03898243147705 70.9844046067895 nucleus 0
72.41731771566265 81.44221600833242 65.0417710000329 53.343551999983625 116.29916347941617 39.8891357873605 123.6747334386746 67.98777155023645 nucleus 0
289.7838141007378 580.1228511803957 313.95099223052966 564.8773651358144 346.44155749752827 616.3681927846751 322.2745401939028 631.6134723838736 nucleus 0
121.6029766232532 594.8528687050264 114.57715566393745 568.0924333992477 167.82711134619603 554.1152401021369 174.85313255492656 580.8753589423081 nucleus 0
608.3309208364517 458.25060184056014 633.7428503483534 469.26495516053456 611.8004415136966 519.8807363869848 586.3885770485649 508.86649377188604 nucleus 0
640.0002144111204 525.267932 619.2384864461201 525.267932 619.238636015798 478.803316 640 478.803316 nucleus 0
640.000037514983 568.033107 630.9733557567233 568.033107 630.9733952478564 547.453918 640 547.453918 nucleus 0
585.7108709936438 539.0163121350802 619.6795874358941 529.7315300727192 630.2920374480163 568.5489584250572 596.3233509421843 577.8336636645745 nucleus 0
578.2192256288545 552.2287329038959 585.5966174499918 580.3272121927528 538.7333277176367 592.6280054404675 531.3562724308576 564.5298152033412 nucleus 0
504.3751417830208 549.8338979847026 535.9823691815836 553.4220630550228 530.0977175754088 605.2458625474494 498.4904969856143 601.6577375919502 nucleus 0