552.5552838504518 351.2235219962356 548.4928109640896 386.2264108505473 506.6594199543033 381.3714669347812 510.7220663305634 346.36877952738047 nucleus 0
456.56467968241486 585.1710153214707 464.65946857810195 612.6606023976312 389.43679117008287 634.8041735030786 381.3425742504478 607.3150746763059 nucleus 0
538.9526280000428 640.0000000000289 538.9527463757986 628.188929036206 567.0128985957854 628.1891615501572 567.0128584104532 640.0001542725944 nucleus 0
642.2763530616066 620.3895206883142 639.8878587694344 640.9660775885892 605.5659631399612 636.9829619421381 607.9546011291677 616.4065700585171 nucleus 0
337.8249208185298 420.39683814479736 363.28519273396523 405.3223369399212 396.2624867165141 461.01205937382167 370.80233410044457 476.08640065666896 nucleus 0
339.5624333222804 455.64621026956735 367.782304168868 471.8431455443119 339.9794004196883 520.2754817598627 311.75964971567737 504.07871035420385 nucleus 0
320.1102432919288 558.6162476946221 310.07616425653396 538.1065301821612 360.1074196823174 513.6345801328278 370.14154408534523 534.1440715280816 nucleus 0
388.33578553843836 565.8780991596099 385.2289601324446 592.6450982268412 307.6416043780773 583.6408903822778 310.74881605047267 556.8743352250663 nucleus 0
277.0405070436391 600.9566991408998 279.90898419542646 576.2487616960822 351.28022153599886 584.5321322654268 348.4121727847378 609.2396792062485 nucleus 0
245.74722183977428 511.76935402292725 249.093451665467 482.94338820356785 312.5898050361866 490.31278192716854 309.24395155314414 519.1384033939215 nucleus 0
499.5665525458753 424.34538649606714 494.6240933095396 390.61041260610153 552.0464156285016 382.19847552263013 556.9891157623351 415.933154836375 nucleus 0
311.71272325591417 515.2513201181791 308.84482671157457 539.9593355787277 253.05710322652885 533.4848960746144 255.92523359999177 508.7771521331289 nucleus 0
297.2839419362572 542.4877983473705 302.801305342 570.2856509310518 242.78262301864743 582.1948395099016 237.2656649471901 554.3973415159851 nucleus 0
294.1873876101454 599.0036740991435 287.54155687951425 620.0174218137602 246.71524031175068 607.1088909128231 253.36118024039024 586.0953451852496 nucleus 0
242.90135408111382 639.9998783176364 242.90154970047297 626.2112743255738 295.838958937602 626.2117673924279 295.8389351430378 640.0001997870881 nucleus 0
235.73940530404798 505.6145870266382 251.96167232752487 534.4227557237958 210.8524839328311 557.5666723268187 194.63052732106007 528.7587715692857 nucleus 0
155.98230093542952 575.5904318116155 153.68050253709953 547.2832887972204 220.66278913494898 541.8376094989977 222.9649468761636 570.1443568594693 nucleus 0
204.58115459914552 577.9403543003796 200.75716517545516 610.8842605900758 155.96697135049908 605.6861987687831 159.79124338482507 572.7426196888256 nucleus 0
111.31118563345808 557.2575823450767 150.79732749225514 558.6459853307169 149.4891231967631 595.8422360833165 110.00298199833196 594.4538441628338 nucleus 0
160.94111908045306 506.81634807561 178.6495925775671 533.7491701943533 131.7242275589524 564.5958670073559 114.01609393542458 537.6633450274796 nucleus 0
159.04087729963067 464.6705044362377 174.43778805522015 483.7449885137093 124.42471805989044 524.1078857486538 109.02805026009446 505.0336268839743 nucleus 0
470.2754817011737 419.1910396280386 453.5001612472115 393.67506797364706 497.35675010429986 364.84518330287335 514.1320333360636 390.36095760530856 nucleus 0
158.99927363607276 475.31981989623125 187.95577455341117 476.3380556067319 186.53717315864924 516.6728944337666 157.58067264367128 515.6546662931677 nucleus 0
187.74192809018132 438.26241243139043 184.157187302917 469.14735056619236 152.82359444521717 465.5109450283333 156.40847668495553 434.62617131132725 nucleus 0
184.13639289450657 435.0546751597033 210.4604828387528 435.98036395261306 208.99863207661838 477.54517171675553 182.6745424730325 476.6194894426257 nucleus 0
208.6604278485902 412.22130171017653 224.45488433062565 412.7767200985749 222.6201169212436 464.9447963974328 206.8256607089279 464.3893827498305 nucleus 0
169.62456210763776 409.03256425330136 174.16533075498592 369.91159817471373 215.66681010299362 374.7281496119813 211.12630230702052 413.84887714805444 nucleus 0
235.70126440143213 371.7578909779762 269.812832003372 379.26903442268133 258.6815031810693 429.8156156411256 224.56995415239362 422.30453003563247 nucleus 0
318.7154008291691 330.34562315453576 313.2191677999799 377.70258418833436 263.67672351647343 371.9529475429921 269.17322280416556 324.59629631331757 nucleus 0
290.9939486051735 285.94327540511824 280.42298533633584 319.37471150857834 214.8576548242272 298.6440751200588 225.42875341277977 265.2128897982717 nucleus 0
285.0727251994249 262.96658955704635 342.98571532002825 265.0032931458891 341.75060174973623 300.12132110958066 283.83761196106207 298.0846250276978 nucleus 0
411.268185341105 368.21416748654224 408.8784791629587 388.8042113644257 337.6729246324976 380.5404774910029 340.0628079440503 359.95064140940065 nucleus 0
438.10512817522977 408.18712135991314 482.8560796997772 409.76081496260076 481.29876352053543 454.04005451193945 436.54781248980726 452.4663720999052 nucleus 0
344.058657626083 358.3276411412505 346.9264831388864 333.6196570234772 407.46609350120707 340.6457004469234 404.5984830553789 365.3534867487118 nucleus 0
340.1104543959809 334.91547427151994 344.4121597558842 297.85352825333115 401.3314445240394 304.4594854908939 397.0300160305487 341.5211788412881 nucleus 0
434.4460863544373 369.65726281751614 419.53496495305444 346.9761582392476 470.4806911385822 313.4860908381783 485.39178035942314 336.1670195095925 nucleus 0
397.10302476720244 339.44296498075323 402.12161042356456 296.20402103763985 446.08210040139966 301.3059873708476 441.0637643892551 344.54470322125314 nucleus 0
427.2098770647426 278.6268387378517 432.75183482750435 298.70726390476034 382.52629439739394 312.56777626411935 376.98447017741273 292.48746494948847 nucleus 0
446.78344957159425 251.96692608025276 451.6692818899901 276.5879087248858 384.84739174535207 289.84709730411345 379.96175117456005 265.22628150601486 nucleus 0
429.578310604993 305.59646085856053 438.48843451356515 277.4186912718722 476.30925869169005 289.3772831349076 467.39928003793466 317.55492900214017 nucleus 0
533.5151029248664 307.2793421886812 529.9306345956575 338.164299897286 481.1885694484954 332.5075468994702 484.77319336656365 301.6227676069615 nucleus 0
505.88317645931966 268.5982480875144 502.0597999582242 301.54220201942815 455.94272315916896 296.1901282192861 459.7662384646537 263.2463350322195 nucleus 0
487.78913788686623 269.5008297757944 453.5676959027478 268.29731593408263 455.1326067646005 223.80604089130452 489.3537673338142 225.0095497538011 nucleus 0
403.23684125527507 469.53166995989136 407.29985072153795 434.52873650056745 448.80120874724525 439.34531382704176 444.73847000648675 474.3480003938163 nucleus 0
485.06819443435234 241.1420236613007 488.6527767343796 210.25707404945763 564.776206316601 219.091664401909 561.1918463219627 249.97641123422534 nucleus 0
551.3342869217013 263.9686272285164 556.3848258119106 238.1726022318873 633.6142889220355 253.29227999172576 628.5639729704417 279.0881086196367 nucleus 0
619.8074148313026 223.39137496714616 616.4619776980544 252.21731249367852 569.046947510069 246.71457169941556 572.392488274927 217.88875503455444 nucleus 0
596.2735457069357 181.01241588570213 591.7333868989226 220.13332746142353 551.1980285712343 215.42903573505043 555.738288906141 176.3082409213706 nucleus 0
525.8738633225585 160.8543067248532 554.8303580059292 161.87269164129955 553.031391567929 213.02278828212206 524.0748971189896 212.00440699570885 nucleus 0
514.2136930815468 62.48574985697382 532.4161951956921 42.992492148552735 590.2267760301766 96.97491459488624 572.024321550125 116.46812698060806 nucleus 0
544.079948209037 132.20371485714384 526.3395450548705 166.3757427870574 488.7018966268806 146.83638594662347 506.44230915502703 112.66443375328353 nucleus 0
442.2164623622666 120.23784655763902 450.50270220184757 90.20878223189428 499.5344864783692 103.7385206871297 491.2483213887026 133.76752046939868 nucleus 0
388.3289002988022 148.14558384378714 370.51232941004855 127.68359109703218 419.30007054827 85.20384211093867 437.11659909378795 105.66577449675407 nucleus 0
369.2378731036297 116.22195923383586 381.15069331273844 136.9934302769932 325.35694561993296 168.99156939043237 313.44420631096 148.22016822987615 nucleus 0
454.682300477798 461.4273270567042 486.27121045858075 462.53813223627037 484.7720678310725 505.1632776549122 453.1831583506573 504.0524809844627 nucleus 0
373.0690021713235 153.61923924609053 382.0412851979927 186.130467726399 319.32457793060166 203.43807553347796 310.3524570922309 170.9269848791972 nucleus 0
256.7693960717588 194.46723183034337 243.65681498049526 225.06168192664012 179.42182732207584 197.53157049899485 192.53445932372415 166.93727479224376 nucleus 0
197.11519315082114 134.68865615668483 192.09716760415176 177.9275645280079 135.48036456923 171.35695292423537 140.498510946054 128.1181857666378 nucleus 0
56.63906505702471 160.12045208810378 62.13515993171313 112.76356345131033 112.340899891351 118.59021102664542 106.84494081935554 165.94697551649523 nucleus 0
134.19792454165872 91.91264062773578 130.61363204324152 122.79754303628235 72.86469004386163 116.09555298724598 76.4490422081144 85.2107206206064 nucleus 0
54.65946723212255 91.02880337673469 51.79202220424486 115.73673028233542 20.85869092392386 112.14680415010675 23.726161000013235 87.43890699997016 nucleus 0
20.408882606061525 87.05393141373521 25.188012171565788 45.87409652180171 81.73619220819091 52.43677925613586 76.95713145367336 93.61654876447662 nucleus 0
117.59908183987136 3.4217801951613867 117.27735807653517 14.478747090559438 76.99279287036916 13.306587426429179 77.31451799998467 2.24962299997558 nucleus 0
288.76419015738065 8.127631538040937 357.20680828249897 10.534766597628636 356.1519965522166 40.5264651058891 287.70937848508765 38.11933069413625 nucleus 0
212.46168657358794 59.475434747817275 238.44206778798252 40.37882495422738 259.83068162415293 69.47734443281105 233.85031493126007 88.57393754935032 nucleus 0
418.2613939289149 510.92303485906456 422.3245592918829 475.9201194953639 453.32605870164116 479.51815988781794 449.2631139722653 514.520874103167 nucleus 0
372.64951868506614 470.73024812749594 417.4004732292087 472.303889036082 415.80734243230836 517.6010378471615 371.0563885705051 516.0274100461198 nucleus 0
391.7648219251714 526.4142193087437 406.761188337623 501.4733670881745 464.04047252806777 535.9068495056257 449.04448351044266 560.8473725447079 nucleus 0