477.89949060519575 583.6720096238605 501.7482624143304 606.4864559428336 465.77149648241175 644.0834777049055 441.922989622326 621.2693016483637 nucleus 0
645.410366312135 614.7831468910739 631.5300102520996 644.1567289018085 572.3703188040963 616.2082175989534 586.2507794217527 586.8350666672603 nucleus 0
376.0591419796401 627.3984367271024 362.16086473184987 604.9705475633056 410.0725626196072 575.2882545773884 423.9708126291953 597.7158609484229 nucleus 0
625.7886561266059 520.3000130783322 621.4371708511317 557.7975039536567 574.6255985915195 552.3659541604318 578.9773887157935 514.8688171517376 nucleus 0
640.0000802351133 356.368509 625.1717307572108 356.368509 625.1717929520237 317.404735 639.999997969644 317.404735 nucleus 0
621.6371978200186 260.5709087536856 594.1367479989276 271.4398021972959 569.3339285707771 208.68614160047716 596.834085337905 197.81731354465978 nucleus 0
367.03839193731255 314.1184694374892 390.9203147763037 315.6600297688481 388.46386180819536 353.7124399762199 364.58193969105196 352.17088693483845 nucleus 0
320.8233371437382 339.9317270972276 355.79738045227714 322.352555571461 375.24929867242463 361.04912388985053 340.27532174121006 378.628196060034 nucleus 0
332.1978408173891 195.8351319953326 281.5356299124687 230.06380651081076 263.6190976583748 203.54596886504365 314.28113391200895 169.31737531791978 nucleus 0
489.4995746539644 578.5031607610389 522.0658646246011 580.6048850786526 518.942377060448 628.9905382391105 486.3760892211576 626.8888368018082 nucleus 0
199.024564909123 85.69440818139513 158.70629292687227 97.01481482597379 143.18478364388284 41.734073627172855 183.50295102776727 30.4136825949843 nucleus 0
164.16039875395654 2.4925957738651756 189.8845536751469 -19.151317192639027 226.9819063929026 24.939510844870313 201.25775698703364 46.58341686497015 nucleus 0
317.55134599989105 -9.52999441035806e-7 317.55134653896675 11.504835905807308 262.9315152578056 11.504834816100473 262.93151605466846 9.76359231629869e-8 nucleus 0
209.88853922724957 568.2737100807644 237.03457465475367 561.871699088204 250.38274406077107 618.4567236268267 223.23673652914295 624.8586526655761 nucleus 0
104.77029970097647 500.56287910818514 101.66224325039366 527.3468290142587 47.42709368409123 521.0540792748787 50.53539035572612 494.27040598009233 nucleus 0
529.3063460943813 627.9365438676313 509.2231478125177 608.7243225976749 545.852118420662 570.445254751517 565.935065299127 589.6572494581209 nucleus 0
538.5892130000138 628.5929609999811 537.9427035555273 600.8074876113093 583.4747173156939 599.7482549106247 584.121509028555 627.5334391446178 nucleus 0