0 505.65609199999994 6.347062 505.65609199999994 6.347062 530.366896 0 530.366896 nucleus 0
0 532.891638 17.232592 532.891638 17.232592 562.408265 0 562.408265 nucleus 0
2.1615159145585494 321.5871153220832 18.490258995443583 307.02079777493714 38.15056329440267 329.0581956282298 21.821869756895467 343.62446113377786 nucleus 0
0 345.144311 22.40486 345.144311 22.40486 377.153596 0 377.153596 nucleus 0
40.9135423884436 8.158626906242997 57.46312025752559 10.69577644729247 53.70156815042719 35.2320048897796 37.15199039172148 32.69485585993016 nucleus 0
14.55906389062875 273.55639248705427 34.92780595770455 276.67885314455776 30.56708549403993 305.12338920461383 10.198345649114344 302.00093822847 nucleus 0
0 313.808628 15.966908 313.808628 15.966908 346.169544 0 346.169544 nucleus 0
0 280.802613 10.069526 280.802613 10.069526 310.153231 0 310.153231 nucleus 0
53.81769922976673 0.4780590869059443 81.82467699676636 4.771695781983093 77.72378589485015 31.521408444527093 49.71680843795184 27.227772458044484 nucleus 0
0 345.144311 22.40486 345.144311 22.40486 377.153596 0 377.153596 nucleus 0
33.73383165708219 97.48671473595061 27.368600256959326 96.51089208519477 31.699016000056872 68.26406300000356 38.06423581248964 69.23988471802063 nucleus 0