170.6121692356828 393.5187033258947 200.1704721582064 383.57092024876187 216.084947669151 430.852570679818 186.52668084730976 440.8002774884002 nucleus 0
529.5848401622061 344.5435618565222 579.6114280827896 338.59881131311204 585.070895921308 384.5372726720243 535.0443143190205 390.4819859846872 nucleus 0
185.34226536496135 345.77606202295567 211.78318559926993 361.28733377999 191.16765826271148 396.42546646595235 164.72680372819013 380.91428236163785 nucleus 0
17.06282017104968 393.2749582908423 51.15056939968781 396.00946102781484 47.33949354304059 443.5115229380301 13.25174668658292 440.777040445505 nucleus 0
363.7030165082251 435.6585534629334 378.6071320105839 462.77365909227444 330.95857630018145 488.95965849135627 316.05475353273505 461.84480485745985 nucleus 0
123.24275773622503 550.9755111392794 114.066237027655 509.4687468317508 142.52424687227176 503.1784539431021 151.70093500251824 544.6849798362491 nucleus 0
606.115955510104 373.6656023196875 616.3560190930002 397.07842054167384 577.904444692249 413.89385064296437 567.6645503862528 390.4811759464516 nucleus 0
-2.705739291923237 440.7673242366769 24.48263650316221 437.5366824804624 30.070822215930093 484.55839590361535 2.882451028417563 487.7890114225074 nucleus 0
334.2562938400806 383.1898458127207 333.86257545280387 357.0779720894594 375.9266489894799 356.44375051363477 376.3205163124803 382.55547256107315 nucleus 0
224.2943058860692 436.12705506657665 215.118574846274 394.6201067018771 250.28287553417613 386.847487874811 259.4587684425642 428.3542083478989 nucleus 0
207.86787654658838 480.5719385643781 211.30908492916205 496.1370161246139 169.69656061315618 505.33505092563195 166.25549217926164 489.77009522231305 nucleus 0
87.85958888780442 458.12195949334836 75.24271659945953 401.0499999011953 112.03954412223538 392.9164445905344 124.65665667405119 449.9880674452169 nucleus 0
164.6219266452681 539.1080695167134 157.73965353851963 507.9779281817888 198.23645940872666 499.02659644173235 205.11890878195118 530.1564894272658 nucleus 0
321.61361404694617 381.9641508172203 329.0690639420063 415.68862046420645 282.3827150806028 426.00798924576816 274.9275431062415 392.2837609636247 nucleus 0
44.563445804378716 486.06588446740193 31.447993311448954 462.204642631259 66.42806382682465 442.9807509417489 79.5435270042799 466.8418288801927 nucleus 0
119.40797280767583 502.0975548144944 93.47931509902992 510.82334846664946 78.85699097016186 467.3803121477247 104.78525296835869 458.65459099129134 nucleus 0
305.47437648725463 546.0670820335155 298.5920394561981 514.9369347857014 340.2044517880131 505.7390157092104 347.08697227157245 536.8689023033819 nucleus 0
619.9935548689245 449.9841000956542 594.8236661466217 448.95864303925146 596.5095734300121 407.5877305140273 621.6791286787338 408.61318074808315 nucleus 0
503.3111599523545 346.18987454643843 483.73540049695293 348.51615347757536 478.8804120018176 307.6637126013918 498.45597928593634 305.3374451486875 nucleus 0
108.36182903163717 455.16093430888134 135.44474368354713 424.49608032118147 165.39878041548945 450.9473555350684 138.31608240689093 481.6120029217322 nucleus 0
171.28156730155752 363.4959343510499 163.8265138578572 329.77150952122764 206.21390627340588 320.40223000057097 213.66909082935308 354.1264679440924 nucleus 0
546.3223812646174 328.6629706359532 519.5686975667923 348.6929140551996 494.19026689749444 314.7978189545839 520.9437663299468 294.7679776979585 nucleus 0
128.60873965801147 440.9518840606344 120.0063765507366 402.0391261125351 160.58505082437478 393.06966273420426 169.18759081338067 431.9821671626772 nucleus 0
341.73196566232946 410.16852942284527 335.9971359116025 384.2267119187835 367.3796193805174 377.2899347509791 373.1145354943874 403.2316295970864 nucleus 0
437.53817063938186 353.61923717060756 430.65660954467603 322.4890271482617 460.74711947447213 315.8378652046963 467.62876502019935 346.96795473547576 nucleus 0
118.89013660344062 359.5821907124645 149.34110184462043 355.9636598553493 154.09318327765504 395.9496574054105 123.64222159740166 399.5681677736751 nucleus 0
102.38449757074704 348.79454066297865 110.98681815150485 387.7073552777255 67.7418087181286 397.26612838497323 59.13976318734058 358.353553334701 nucleus 0
76.84937862242805 419.7413960711914 82.0109570115892 443.08906846932916 42.54779712726304 451.8119411404234 37.38639474402589 428.46442209907536 nucleus 0
444.64893204087275 308.3589595237549 458.7784478299727 292.3593754049486 484.5333699919138 315.1024126370726 470.40392128219537 331.1019327866166 nucleus 0