251.48380328937492 565.8023464158977 230.28311785295955 549.1961458615256 258.4297582261206 513.2701921538741 279.63018966627715 529.8762400542274 nucleus 0
190.83707026635238 541.229890016781 177.34613797510974 506.92738292382285 236.5728359917557 483.63838479302075 250.06393115727406 517.9404752472878 nucleus 0
147.50175141693035 521.9719935525861 184.47651065915124 515.7876256871795 190.6852836618782 552.9005044806802 153.7105360084388 559.084825779792 nucleus 0
172.62648694704694 569.1217337802619 167.81978526014427 595.2522088888333 128.44668180478038 588.0110625183866 133.2535558968084 561.880812168735 nucleus 0
88.84614978545869 582.4026960681117 89.80983641340572 559.6938173160207 122.41185592516558 561.0769417433464 121.44833293146803 583.7856637690852 nucleus 0
65.12716683646431 570.5731758744101 46.19631340050546 548.2117330148453 83.25684342235036 516.8438723620908 102.187558377409 539.2050957240237 nucleus 0
109.18176291866985 487.25323964068934 140.34138842413086 494.0063488099557 132.69972376227088 529.2591466781378 101.54011279133556 522.5060835714337 nucleus 0
54.72865178337088 527.7806100939117 44.20624579688592 491.3990458138844 94.04700363818847 476.98654490381733 104.56961861193122 513.3677577456432 nucleus 0
236.87516123412934 397.35394340789134 251.43359329667874 425.5400080074195 196.29819766465516 454.01386536319364 181.74008943220542 425.8280780505109 nucleus 0
265.41800011829764 499.0407802375765 310.37701258115703 470.3547784278421 331.8581419441034 504.0157487539825 286.899296608899 532.7015373156734 nucleus 0
416.2515731642634 614.518691188521 413.85999457881553 577.1987034454885 471.75258263021533 573.4896158430015 474.1446055041888 610.8091248574542 nucleus 0
385.0245500521123 482.1169720143569 377.70052459527506 521.9349114078302 336.5236074203858 514.3620324035949 343.84786966293177 474.544401860377 nucleus 0
405.2308262210863 409.1738013829525 422.1125338075217 435.85348571678986 377.06259269893053 464.35474762887026 360.1811490031105 437.6752947742731 nucleus 0
439.5516247134219 484.25986083235705 459.704257995254 500.8885790545003 428.570213149942 538.6130190060347 408.4177212409122 521.9844554093818 nucleus 0
486.717935009292 561.218750284775 463.80177965707844 534.1494262974385 510.85082817800867 494.32750104806473 533.7667735147261 521.3964937814407 nucleus 0
492.26447800087044 503.90142270001013 459.9113611772191 509.31299277366685 452.24602010093804 463.49227411244806 484.59860504190146 458.08074958750666 nucleus 0
471.14914741774555 467.0828946975013 478.01568924427556 429.75356493518746 534.8786383067636 440.2115847772373 528.0125088662317 477.54055107146746 nucleus 0
555.3191891495953 536.112164071544 586.478908687568 542.8650228332767 575.2028810629417 594.8838098331366 544.0431853536575 588.1310266101 nucleus 0
545.7567745786946 495.56976498287946 574.9689283789485 501.90077084098397 566.3079026182095 541.856052240898 537.0957645849558 535.5250963039603 nucleus 0
553.6208703138982 440.4782964918337 576.9905599331832 445.5432809676406 567.8065466788394 487.91135928398444 544.4368691093405 482.84641270888636 nucleus 0
397.5206416891888 572.0676993160578 410.4735811912542 587.367410134696 384.365781663073 609.4647607474291 371.41296432644594 594.16516482291 nucleus 0
585.5251696382038 499.81103478544753 566.5949120828009 477.4492221442945 594.4069308570033 453.90920348912766 613.3370968427334 476.27087118965784 nucleus 0
592.2178940617596 416.10022665166065 572.8100314764743 387.4498204970429 619.4304548679065 355.8725756537523 638.838264602673 384.5227502369701 nucleus 0
188.95079775087652 237.4838801722763 174.00706404609082 219.8287878668628 209.70617554121418 189.6131973271742 224.6498671345762 207.26822317069139 nucleus 0
216.38466940545186 49.138340929164755 247.54401895334013 55.892652037652056 238.90957978044753 95.72536431062917 207.75023249159858 88.97106057673173 nucleus 0
296.94767018976563 94.24825933036503 275.98435027335654 110.96885799966842 248.00464372521674 75.88968835952092 268.96792177190946 59.16911585170345 nucleus 0
609.8561228849576 133.56183949944298 572.9146520329232 152.12480498647207 551.5475000205333 109.60319652759843 588.4888366848463 91.04027183152355 nucleus 0
608.4667438198085 44.670465993235176 602.9745222402562 74.53395508561998 553.9545721194736 65.51863338469067 559.446816851414 35.655174372263204 nucleus 0
356.2103849693085 597.7391757599592 351.6594808857917 622.4785913603289 308.5217773484328 614.5450592575652 313.07286883340566 589.8058862381401 nucleus 0
349.09144387020206 553.3044068577196 371.7078836624569 553.7110598446262 370.98539507147507 593.8833455817555 348.368955357073 593.4766960851583 nucleus 0
321.23926286607457 522.0760529696189 351.08074778130685 541.8031913123615 328.1146341376734 576.5364164612193 298.27328340674285 556.8094455041664 nucleus 0
263.914997494212 564.8848600714505 279.51942703562963 590.8795183531047 243.12128469864547 612.7231489369319 227.51713276767987 586.7287324219841 nucleus 0
276.1880260370526 525.7499421041514 303.45274274041003 531.6587373854392 294.21546823832614 574.2724419485105 266.95076812204206 568.3636993508225 nucleus 0
201.86733863301924 587.3635609200753 208.27662864568993 552.5229627100007 240.27740639277908 558.4084519168392 233.86839040729683 593.2488083205695 nucleus 0