496.60578129383794 626.3716973365983 497.6246629414527 633.8199068822871 468.80115553991345 637.7615264213872 467.78233036166057 630.3133677333211 nucleus 0
398.84460875517107 574.7050256620631 393.89639488428656 538.5280032894766 430.9245447561989 533.4645161207429 435.87299142658594 569.6412598731159 nucleus 0
426.1418503294408 488.5587090137126 471.9817269401392 477.86634851720544 481.774153248698 519.8403626157981 435.93430603788875 530.5326365034972 nucleus 0
451.7689527782204 465.65179067861584 468.94857669591147 435.21219188739315 498.050527520827 451.63439896347205 480.87110491054773 482.0738238306836 nucleus 0
454.65559194584785 392.09103774785945 477.5754791363579 386.7444952446716 489.12617456800945 436.2546290246721 466.2063016845059 441.60112961911454 nucleus 0
472.3196174090117 358.99308349199407 454.2435468170879 366.1601366308962 442.7700536532211 337.22523572988155 460.8459939707245 330.0582115872725 nucleus 0
449.27449171031185 334.4960918487044 418.71460904192645 341.6251443747383 408.19991232863686 296.5547417653857 438.7594741911744 289.4257283106747 nucleus 0
373.8807220401941 299.08007042035337 404.4404735502758 291.9509854181952 410.9232307133061 319.73826637240217 380.3634869572852 326.8673280530263 nucleus 0
329.4735956216027 296.713987102027 348.8886128680315 270.8657564437221 383.4787635879911 296.84537040971185 364.0638833376579 322.69347676024927 nucleus 0
430.3643032724358 269.8593972095228 403.6368516441871 283.1663813470089 381.740056763083 239.18802927215242 408.4673012571875 225.88110675452202 nucleus 0
488.2791364221339 634.0139761290785 485.6594100064103 614.8614041501696 535.4996990181826 608.0459166788931 538.1196113787155 627.1982663298918 nucleus 0
578.134204575108 519.8370689512851 574.6415212189459 494.30034656804565 605.0718985532149 490.1391125776554 608.5647049546969 515.6756880872363 nucleus 0
558.750547003001 366.5258717284968 550.2698397305358 329.861980573954 583.4044132872077 322.19832107783895 591.8852307617635 358.8620520083912 nucleus 0
569.7345644422603 332.38237355536785 565.9511535573984 304.7175730256412 598.5714532463317 300.25677064440424 602.3549536250357 327.92146406096384 nucleus 0
569.8832035157102 324.5862209385318 546.8599586826167 311.2072179515727 570.0556922358373 271.2937711083499 593.0787504538603 284.6727049548145 nucleus 0
562.4082239095151 243.93230715907714 590.4212939359422 237.3971802573235 599.7336367754906 277.31297193128773 571.7205754631868 283.84807283788007 nucleus 0
581.3826487366896 253.8650185486391 560.4461849323707 264.28884878825716 541.1704397949507 225.57469983816424 562.106768331505 215.15090988156624 nucleus 0
640.0000335869845 252.622878 627.0090638351394 252.622878 627.0091120120196 217.15023799999994 640 217.15023799999994 nucleus 0
474.22220340318745 201.78331332597637 490.4476166355744 182.41252869559247 523.8854869300121 210.42000684745562 507.66014250759326 229.79072664897836 nucleus 0
491.32068171682477 197.4176022880317 462.4998511452577 192.51844896677216 469.2837935272837 152.61117545610503 498.1044746878615 157.51031575482406 nucleus 0
565.4755172257137 15.372925431455329 592.2151950426633 9.134566540795998 603.2811875501648 56.56705474216747 576.5415111986658 62.80540955601333 nucleus 0
201.95681643665012 631.1614893078057 210.54751891133492 615.9421209133293 248.27755687467288 637.2328699490199 239.6870344846684 652.4520830646222 nucleus 0
479.508073310717 92.9714314140986 472.66562468605116 121.02138558968271 429.00158723634377 110.37009432662128 435.84406786219915 82.32018717997278 nucleus 0
406.6693807756383 13.758655783121089 432.1357387470198 7.81735506492501 438.6741169895686 35.84297506015624 413.207759431607 41.78427427049365 nucleus 0
367.005746803261 101.69630308036729 392.2814203294547 92.14107444183071 408.3103909069905 134.54082898503032 383.03472730272915 144.0960386499668 nucleus 0
332.3785997673258 179.37010520269092 342.52908530121204 161.3824755826545 381.45863837104116 183.35004297300998 371.30821604208904 201.33761793469193 nucleus 0
357.7730067203811 153.5661249046171 347.6226377490093 171.55378820017816 309.41342691730824 149.9928003463356 319.5637963970512 132.00518250388907 nucleus 0
267.3606294199999 133.55994863142024 278.2918110443279 114.18861668639414 312.30761522368994 133.38338621133974 301.376476889709 152.7546808421068 nucleus 0
353.1745060441608 8.220219344459098 352.7956380008982 24.49809475522855 305.3868506512663 23.394646009955544 305.7657230000041 7.11677600001794 nucleus 0
284.88406805481645 55.846562719510814 305.54853610898135 41.69441831352182 330.1780591995339 77.65749452336826 309.51360381885024 91.80962353250817 nucleus 0
281.9732778210164 88.55937306631137 273.8474698185746 111.34129555763838 226.62689432152547 94.49881867600062 234.75271992458147 71.71693619100493 nucleus 0
215.1147011021385 68.38240949160478 222.8748193404317 43.53781514628203 271.0393960220972 58.58179705231237 263.2793123603187 83.42636202250647 nucleus 0
275.3627418024553 614.2069814853459 262.08662440098124 637.7280203767763 203.33191533100035 604.5735321402785 216.60804275838018 581.0528542971413 nucleus 0
177.22956052515656 63.047143780755434 173.44640288305527 35.38236240509798 228.88956797680294 27.80051024979017 232.6727473257779 55.465264891493355 nucleus 0
195.0744307135028 32.42473374627316 193.47386133711552 20.720405152383385 232.90546154072217 15.328123347367557 234.5060343399382 27.032447518240062 nucleus 0
263.1404562069656 545.5697024800139 265.4691582893429 562.5941717608796 229.03794407793612 567.5760973709412 226.70938581512019 550.5517580235219 nucleus 0
240.798047958815 598.4857737369093 237.88731403641577 577.2051357923123 286.120549184634 570.6094017812645 289.0314711743122 591.889814308479 nucleus 0
268.2935666049889 620.7400155821354 265.0916847379267 597.3314127698701 312.3296442751598 590.8717989622996 315.5317365092196 614.2801479684802 nucleus 0
349.60888068810164 608.2817565269258 340.70549793279497 584.6241137061098 389.13962852173427 566.4008066394696 398.0431263166247 590.0581836813491 nucleus 0