-0.12211300461785868 192.81881124014018 7.334165275096893e-8 171.83234939742925 14.83978674543323 171.91869834232446 14.717694934806786 192.90513902067187 nucleus 0
91.33721039441298 157.08544740345494 113.74006476144132 129.86477378988153 141.223877174707 152.48383157103177 118.82108168261766 179.7044500788145 nucleus 0
175.7324127353786 140.6644040012854 187.55855481700564 163.25588010070317 143.44907102378784 186.34566219014945 131.6230078638182 163.75425362776127 nucleus 0
175.9608627581474 118.93406446630046 181.46326298287022 141.55613474603106 132.7891434738558 153.39495515601016 127.2868092997669 130.77294160399856 nucleus 0
181.8391374883504 99.43519110632818 181.67129301647947 128.29159238707484 121.0787208241527 127.93905331943645 121.24663926981157 99.0827286350919 nucleus 0
71.13345038516854 102.89379498137893 43.766363701579394 80.17006185821586 78.64738194206438 38.16168988053448 106.01441888597037 60.88538966357649 nucleus 0
96.55370535547263 107.58437029481593 77.7581261353771 95.75587122884394 110.06927118876774 44.41351372154312 128.8648004013521 56.241991724562354 nucleus 0
56.47075927226979 43.614554527051226 56.66917334179743 9.511567885051688 98.68240474737831 9.75600346883816 98.48400485869206 43.858975562681735 nucleus 0
108.29170533121214 48.018685524363455 88.3884153002873 31.4923037358598 125.00505422409333 -12.606340936184012 144.9083293718286 3.9200307413068867 nucleus 0
0 279.081816 5.199563 279.081816 5.199563 310.051907 0 310.051907 nucleus 0
65.00137100039865 244.42371388226778 108.54083024110878 280.57413476821137 80.35897166286304 314.51415694429886 36.8196639589587 278.36390146362925 nucleus 0
5.258688814137713 142.7866682460027 32.42983021264081 143.57725231025248 31.36842770050862 180.0553320652614 4.197286378330318 179.26474973087517 nucleus 0
154.27768652662053 258.39496508137347 171.69349209507345 272.8550984847219 144.83203027004492 305.20512839344235 127.41628272749949 290.7450583443177 nucleus 0
254.97361204601475 73.73911432182871 265.8557550911064 91.57563807328911 230.8902731515991 112.90806937527734 220.0081597512326 95.07157138968384 nucleus 0
258.1996201257425 4.975025896820678 281.190586744342 5.643993908480461 280.10936720631435 42.80313117211385 257.11840057942027 42.134163388236374 nucleus 0
257.0590648549114 44.17334934074255 296.770732896548 45.32883606079775 295.5397050255124 87.63657785365224 255.82803704244725 86.48109233944852 nucleus 0
296.5047040658101 76.48494005079758 308.6052232210204 100.25856675770511 265.92709637756343 121.98105836098233 253.82662649200938 98.20747376664592 nucleus 0
298.50198903208366 73.64754009301306 284.83411896784673 45.67909688043214 329.9764786049491 23.61855596428193 343.64435428215074 51.586974693709955 nucleus 0
305.2781432746997 -1.9220752492075508 323.93747309462924 13.571409061359933 298.8690442031657 43.76215640067603 280.20971899546566 28.268676858632432 nucleus 0
344.381118126621 129.2381846546718 344.1827500508225 163.34122008207453 295.46756084862864 163.0577605913864 295.6660184341308 128.95481661400035 nucleus 0
305.7476452947594 127.78271621265577 294.8655052221875 109.94620569418379 323.16203804635734 92.68251812481564 334.0441760905378 110.51900398310505 nucleus 0
359.12803252911544 26.941059322212297 375.1648002876027 53.226480324457455 332.86847696515906 79.03143582330492 316.83173959369014 52.74604129022414 nucleus 0
57.78441457594454 193.15563273871555 57.601331838814076 224.63539958132273 1.252782007213682 224.30750812297546 1.4360013119585346 192.8278793086301 nucleus 0
339.2968842812843 26.89622324355023 339.44187521796266 1.9748121725503387 367.0588239999779 2.1354860000338975 366.91383704339387 27.05689267584559 nucleus 0
351.5330019594694 293.9425115844174 343.4622085416049 343.35632248476765 283.28081712119456 333.52717812975976 291.35189035099756 284.1137137087571 nucleus 0
375.2652282397321 150.40501404828126 375.1126474187913 176.63811438548714 334.9466345311521 176.40441615322868 335.0992788837175 150.17137941470364 nucleus 0
383.6939411187632 0.196400123002448 406.81797466437274 7.026057690704924 390.7392240820627 61.46587604850549 367.61519237072207 54.636222999340646 nucleus 0
423.23432122764643 81.51919824100547 432.48167240817565 111.84541156585802 369.0703237956768 131.1810983498607 359.823065762248 100.85496431284072 nucleus 0
437.91807103320025 3.859428434659871 437.7654549514409 30.09249271131101 398.02688822717755 29.86129772500158 398.17951038843603 3.6282383802219336 nucleus 0
491.36638893141935 114.35294774221241 491.21381451732304 140.58603763461764 430.13276094228786 140.23066448040024 430.2854108576139 113.99765092574741 nucleus 0
464.2875885631656 16.730504957767785 485.7154526674276 37.97575106738122 444.93723227235023 79.10439618283453 423.50938911571575 57.85917156276659 nucleus 0
546.1671941289387 46.565617693431065 544.3350216756517 72.02653037859929 497.9805607980961 68.6908269554311 499.8127565633331 43.229939521713234 nucleus 0
40.43547442568524 156.01098720943915 61.3363531853247 156.61912677290363 60.491172260808526 185.66616883257754 39.59029355937673 185.05803039204278 nucleus 0
564.8425351541664 91.95340334411833 547.7626705558214 105.0149918470313 526.3733474980836 77.04557438295629 543.4531862693984 63.984000765904526 nucleus 0
584.030392510831 30.14128853995382 603.5036162932374 62.059295372261836 558.5006847677869 89.51553353067398 539.0275047539035 57.59756500048317 nucleus 0
552.3554616951151 33.38255120722673 552.5309796519286 3.214525468448657 596.9410083277762 3.4729041232030933 596.7654999771185 33.64091847828513 nucleus 0
605.3757206301816 12.70385486845865 605.4291381043004 3.522282486727297 640 3.7234109999745413 639.9465835226147 12.904982367973787 nucleus 0
615.5442289677012 17.450265714997467 639.5802399999957 18.149640999999356 638.8071317283175 44.71967957129937 614.7711206837266 44.020304501839746 nucleus 0
635.2173136555211 168.0956554158588 609.0911432599387 167.33547447380315 610.2416572943184 127.79662773902096 636.3677101504436 128.55680693242405 nucleus 0
553.5008789999847 639.9999999999866 553.501257897442 618.5616349260615 603.9054899871553 618.5623576680813 603.9053639039776 640.0004699028609 nucleus 0
87.7222561234521 134.0414747596246 98.88903593273426 161.46012408901572 56.222871652717004 178.83634180611716 45.05617834853183 151.4177656701885 nucleus 0
44.98175085282128 154.6374285617925 30.0541882491234 142.24271048533356 60.40374384196184 105.69177206515567 75.33126414949948 118.0864618012462 nucleus 0
48.13496237904474 89.27423900494718 63.03137498878641 106.7924349259473 31.265009911803645 133.80434653493998 16.368629731223336 116.28618101509542 nucleus 0
31.86149127788667 88.06907885480686 31.708890622248873 114.30216012545891 -0.1068425889388891 114.11705315061022 0.045789099822286516 87.88400341857053 nucleus 0
66.638914001378 193.20722513182798 66.80687369713269 164.35078979222683 121.49117086039041 164.66902753532673 121.3233171725733 193.5253573995644 nucleus 0