231.88723400002345 628.0129769999932 230.78325661830604 609.0608219673676 257.2645831989212 607.5186687080477 258.3686687363661 626.4707084659603 nucleus 0
222.77747457854275 501.71339833266444 204.11086940475798 534.4473062175093 172.9343788620463 516.6720523425876 191.60098856707918 483.93836531358863 nucleus 0
174.07424834440462 450.8621251907837 195.63216980546713 434.7567313965223 226.03787238338555 475.45008882150864 204.48007316794246 491.5553414181776 nucleus 0
151.7253592297493 454.49250492983276 174.25852725100412 445.1813929659512 194.06552049258607 493.10717938881965 171.53240082756383 502.418206260568 nucleus 0
131.0171988541697 452.04090149781007 160.63076670034206 447.69584789197205 169.80116684899258 510.1860487017902 140.18760958533676 514.5310532581551 nucleus 0
151.9861098130059 565.8496646296726 133.31886470099562 598.5833297810249 84.93707718211226 570.9985437347589 103.6043296042044 538.2652616133188 nucleus 0
152.71223599469522 538.7782920000068 143.95942775001458 560.5760261723627 86.52959689847194 537.519813721119 95.28250630391994 515.7223493010738 nucleus 0
52.66442379754153 555.2843468527051 87.66233677852142 550.1496721530419 93.98420004290529 593.2291287431177 58.986297557057696 598.3637556491848 nucleus 0
90.22348375052388 538.522507508033 76.64748122937453 562.3289013115273 28.964270790529554 535.1423100388216 42.54027427035908 511.3361804750117 nucleus 0
336.80837288091425 598.7801913471349 374.4984536749689 593.2507146750339 378.1509790774726 618.1403499026932 340.46090511095827 623.6697950900099 nucleus 0
297.3681118580862 544.2412854141547 327.0662299734249 492.16500474923555 366.0816050465655 514.4103807892249 336.3840197735408 566.486200643886 nucleus 0
236.6445671029942 591.5104763072625 241.2220440019155 619.4051412204591 203.3347461183439 625.620379127829 198.757541707746 597.725956486956 nucleus 0
297.5285648486897 449.6929915913164 309.4071642016206 428.8621405191328 346.58584966622584 450.0598122697205 334.7074234322645 470.89051358458323 nucleus 0
93.2762197455304 382.50474866999673 110.03002002238645 368.12009226754606 137.3926544560527 399.9858227082277 120.63893611841195 414.37039127984974 nucleus 0
23.538763471588027 392.900329591559 19.666329841929837 369.297119210434 57.262700956707704 363.12951879786476 61.135235266629024 386.73260320344184 nucleus 0
57.56489146478998 345.05573279997526 100.63910702119756 338.73522310604005 106.64521063088614 379.66292086564624 63.57100273242395 385.9833953241217 nucleus 0
89.63013983586279 339.34268871870273 112.37273801176343 322.7657241051432 141.13619024908985 362.2239951947113 118.39368213928537 378.80085411098935 nucleus 0
86.69400413316907 338.2286923441286 59.84549078064447 357.11786140724115 30.43649684477714 315.3198972807666 57.28477529279189 296.43084499032403 nucleus 0
8.541276377000031 346.048572331208 21.267702220211504 323.72950096813565 55.936506551806815 343.4960982987285 43.210212826597854 365.81505548812197 nucleus 0
135.94804266314895 279.4996426610607 170.94581820987514 274.3640671554933 178.20161533469218 323.8075080635651 143.20384619175456 328.94305486852625 nucleus 0
140.7049484950403 319.9964523966565 123.95146920804109 334.3814708193538 101.93014972835954 308.7362142643535 118.68354967074993 294.3512526715289 nucleus 0
29.190409081347752 284.6810471943717 53.879680480313255 263.4820130366236 86.77379276196007 301.78952954953337 62.08462903465261 322.9884474210837 nucleus 0
245.9943654415838 560.8878491484338 278.3001376013999 556.1482148672596 286.87910403961723 614.6086210241439 254.57334518847347 619.3481940685499 nucleus 0
11.410519911951269 280.03422300394527 31.096103685704293 279.23214958241346 32.26665507427242 307.9596222461871 12.581071436798084 308.7616931451787 nucleus 0
302.7657174506021 238.91724650921947 354.38001826099935 239.38319135348596 353.79911359785183 303.7286591535629 302.18481280367996 303.2627173354509 nucleus 0
152.69531112244294 243.69988315720684 179.61666638562747 239.74937691978073 185.62278660152515 280.6770451910573 158.70143482236017 284.62753548596925 nucleus 0
59.301595337165054 245.59751909272256 56.80341625222354 270.79457604545996 7.642319023652817 265.92056086806576 10.140602781466441 240.72362434539062 nucleus 0
74.78250095744443 207.84106626903534 104.73567615939828 193.35881441733625 134.28672200047004 254.47608392708187 104.33360108741908 268.95825141971903 nucleus 0
8.557377000033739 210.01306199999877 23.8829746520787 209.3886171013271 25.366320079774596 245.7926502097946 10.040722533740336 246.41709318197888 nucleus 0
97.71877042672713 131.43356636792188 124.64011018113524 127.48293993935275 133.810499899555 189.97300781428467 106.88916307328327 193.92361938397596 nucleus 0
2.5062245881417766 178.89888877028483 20.82149891051813 152.69130046961862 69.13428711988672 186.4540848806993 50.819130423114984 212.6615675979864 nucleus 0
20.036649410103564 88.37865180766897 46.359253735718084 86.26766668110821 50.26542624043941 134.97467602118076 23.942822458921 137.08565682474978 nucleus 0
237.5948730604432 560.5056789952923 241.11589716900198 581.9630793955349 211.53942219643795 586.8150352437223 208.01855235826224 565.3577720779291 nucleus 0
63.313937933853595 60.78844664582327 79.48000295291422 75.566589830251 54.341088058790774 103.06632993036759 38.17503973470593 88.28820383551191 nucleus 0
-3.0120756608084776 52.72644617759029 26.966891564734397 26.983899423563468 62.160638723216834 67.96936760865796 32.181699975335505 93.71188391408224 nucleus 0
181.02501132321777 542.4247575733008 207.69895577526768 526.3176318077082 232.09124550805427 566.7031371078763 205.41741990338778 582.8101059776038 nucleus 0
208.8117243754823 582.4755882397894 198.62944777072698 600.3302506687571 156.612355745674 576.374230489895 166.79463514330564 558.5197543948761 nucleus 0
141.71456797681458 592.1702506629354 157.3784349134803 573.5181105825384 189.85895279642136 600.7877989992597 174.19527272417326 619.4397635979875 nucleus 0
143.0300718655053 608.8614038454513 169.9515642960614 604.9118093478885 173.83779985560977 631.3939715810615 146.91631290013902 635.3435416906766 nucleus 0
206.98153966579412 501.1833252700706 236.59513127779064 496.83842637009326 244.82492508424912 552.9191332202867 215.21134384129255 557.2639839048672 nucleus 0