63.76836076138716 339.06085503394416 100.05539572935959 334.350856448823 104.87660313381639 371.4913025177507 68.58957257958537 376.20127780010415 nucleus 0
160.7048634179955 414.9456460247797 124.50239078025334 429.08770629731384 105.0775551557308 379.36715065021724 141.27952023969556 365.22520098469585 nucleus 0
172.95978967711562 395.4492796667779 203.6592642294272 413.36198320158934 186.95887515430513 441.9799592332441 156.25946881125856 424.0673480474171 nucleus 0
202.2279041744332 433.83982419884535 197.59987990219088 410.5511397227524 247.13518388532975 400.70842329432486 251.76334427073016 423.99692637423993 nucleus 0
279.9736311505694 419.6382787461485 273.2900955429068 401.1194861590402 302.45132486154034 390.59630201889695 309.13489994985866 409.115008026797 nucleus 0
304.5609402304399 397.3672146620247 298.3903822366119 366.31566439914764 343.5199872434896 357.3484571089284 349.6906940100598 388.3998041291835 nucleus 0
319.52685768519586 359.4260996312721 313.3563520341704 328.3745464969692 341.2109321086609 322.83980996667765 347.3815210292378 353.8912517490137 nucleus 0
343.6806664218602 278.46557772677386 369.63655597945035 298.695969745095 343.2948053022119 332.4904291677559 317.3390033308533 312.2601351901397 nucleus 0
366.4958814947022 376.9912567055115 360.32534150966967 345.93968155974153 405.80256474866474 336.90331132459875 411.97324657972786 367.9546942560413 nucleus 0
13.116372980948654 425.3958330506367 22.721822234234423 424.14914200773956 29.226281614392065 474.25706633544957 19.62083435842942 475.50374683228915 nucleus 0
117.68873533641454 520.35196788958 143.30317637621192 517.027659288407 147.31329883121361 547.9199908068857 121.69886172108818 551.2442788416364 nucleus 0
278.7034842027788 539.6848706598005 272.01819207373774 506.04576254495 309.2353492375696 498.6508358513942 315.9208244760521 532.2896979376687 nucleus 0
306.33430573696387 518.9066901268046 334.0832731291448 515.3053517979668 338.2981758236565 547.7752114246259 310.5492129288905 551.3765263809098 nucleus 0
313.9242178964196 518.5085568026669 327.77531787607586 496.01798758716245 367.8189092701359 520.6744935186542 353.96804406744195 543.164857610865 nucleus 0
361.12131926558504 550.2062530648855 355.46449448047497 521.7423802571853 395.6668856026954 513.7543317924483 401.3238818312675 542.2179725752566 nucleus 0
384.95041449605196 532.6138540956235 375.0107050876977 511.07531269048695 414.0630963791773 493.05671728189674 424.00285038711445 514.5950818828996 nucleus 0
419.50192514697846 578.9527984070801 423.3592903640965 598.3599740407458 385.0987855542917 605.9623607930141 381.24161036495934 586.5553513994892 nucleus 0
438.20672076741175 426.82379492693144 457.607025568941 443.7206006157863 429.2102200970112 476.31970572428423 409.8100292575691 459.4230222201144 nucleus 0
490.12745853913657 429.76901630443615 480.0212003825436 455.7064866168542 439.89564439456444 440.0739962818009 450.0019748043269 414.1367063996789 nucleus 0
584.0858106152882 565.0784170772098 577.9146064363158 534.0268793238267 625.5080605551484 524.5700955065834 631.6794918895903 555.621329180331 nucleus 0
8.188438989964197 139.28932755012247 23.53775229275925 148.24639010155113 2.5644051570270676 184.1867845496394 -12.784891141345724 175.2297443160543 nucleus 0
521.9012719781313 390.4411118846485 551.7847278882982 386.56241744217306 557.3425272150052 429.3773847214352 527.4590763519518 433.2560536483883 nucleus 0
605.292999828016 396.78672567951435 600.1508528857812 370.9104358004077 628.1792494437832 365.341216679137 633.3214744445286 391.2174016534169 nucleus 0
539.7478124059126 322.6075251356192 548.6108243536728 348.48094120878113 506.1867850775161 363.0119440994087 497.3239474971342 337.1386762090615 nucleus 0
461.660398620661 285.3792548284038 479.80074585037073 295.9644732888761 457.4392650477239 334.28357206649093 439.29895759727515 323.69840760875843 nucleus 0
487.5217921285366 311.5826360603906 469.38143755542114 300.99737400967445 491.35691987670725 263.3397051498827 509.49714207818033 273.9249179573991 nucleus 0
508.1368124272558 221.7634699031117 527.6724183074839 233.16317470416948 508.14147183831665 266.6317471014684 488.6058956152556 255.23208239391403 nucleus 0
640.0001262315345 311.6222950000001 618.246673694448 311.622295 618.2467655191431 264.1024479999999 639.9999942880095 264.1024479999999 nucleus 0
586.3185857150529 241.7973202052758 600.1412994533894 263.17858134277105 563.8700031111512 286.62618025403043 550.0473922534002 265.2450097209982 nucleus 0
553.3997930998157 237.7260960032114 530.3837227023178 229.23961716441508 547.7303123357706 182.19605095684904 570.7462173986278 190.6824958764974 nucleus 0
574.0692720707011 171.55096559081588 599.1669864633877 179.66366229521074 583.670207937248 227.6036382949141 558.5725075782102 219.49097196610364 nucleus 0
24.921663294589962 213.1894967314453 1.1998939758632332 199.34684659209805 34.93506643237197 141.53741091894292 58.65666909383435 155.3799989210567 nucleus 0
579.7950091474195 134.1661101917323 607.5438854323147 130.56408763899088 614.766374216415 186.20297017911523 587.0175004741031 189.8049807383681 nucleus 0
610.3840156253864 152.44325390774716 628.5275100000581 150.08808999999624 633.726315450258 190.13734698241618 615.5828222608397 192.49250482289543 nucleus 0
93.88175573949411 203.18905256567493 76.80547745643707 205.40565919104483 72.04016843286809 168.6953598505642 89.11635894270148 166.47875905545072 nucleus 0
40.90768135014514 179.6727997094669 62.25297700941155 176.90204754974798 68.51014013569511 225.1045431901612 47.16484638789552 227.87528519030542 nucleus 0
18.314153585160966 206.26880053640167 41.79397819265432 203.22099534264868 47.958096114816726 250.70668420936116 24.47827429328754 253.7544769830506 nucleus 0
30.285253567199106 288.0927864516117 53.94280789732875 279.4375005736747 72.03837331748218 328.89489581761273 48.38084579190763 337.5501291676963 nucleus 0