95.32496317602636 336.71051558638084 111.72601627826225 360.3787326728809 74.38691604802443 386.25043080633446 57.9860246356111 362.58235797424334 nucleus 0
120.81934183275735 441.84851574591244 83.32156678814499 428.6439949850126 103.65265795699088 370.91667020322393 141.14979512589343 384.1210675661608 nucleus 0
109.94838890073879 436.30378458798646 100.58778823920875 473.05303311379197 63.23243742168415 463.5392712713915 72.59319286422397 426.79025946175165 nucleus 0
42.460745999997016 444.55248000000273 53.835231128905434 442.55703856030686 61.04266580150579 483.6346750816051 49.66818433509616 485.6301021535329 nucleus 0
51.46511089784326 495.8710012195637 60.31191984868201 494.3190423526745 65.68252081742685 524.9278829591086 56.8357142109744 526.4798326994556 nucleus 0
74.83955747244181 575.2003843053551 51.74933580739889 553.9542163838321 84.1941337663593 518.7015239292369 107.28410442636232 539.9474841667507 nucleus 0
100.53713969049568 520.8279726991203 96.27328230031708 487.8647061915992 131.84737135285104 483.2640048919953 136.11141543777194 516.2270492925734 nucleus 0
110.54494263851666 519.6797438763151 148.66956662517623 531.2140600006653 133.71814839374565 580.6222496789533 95.59357614707551 569.0880552318472 nucleus 0
203.20775322055852 376.2203721291067 232.28878584537597 393.3892442193024 200.95097333622107 446.4632199273153 171.87006076601392 429.29450967726507 nucleus 0
148.19030149956234 341.7952907731339 105.2200528159301 349.33428545319435 96.3159610585717 298.58559611667977 139.28569378636894 291.0466477427427 nucleus 0
9.106413902845816 130.22778336917224 46.49551094058552 127.61333570791712 50.93642101666774 191.12148896518192 13.547324764804216 193.73592669361454 nucleus 0
103.98684452600719 238.36021879491284 144.429159726933 231.26453920742975 152.0560244317312 274.73238086367184 111.61371725742356 281.8280305637842 nucleus 0
192.16373252405901 199.4117194049416 220.09246942747268 218.28763137447478 190.6262262546079 261.8840100065223 162.69755861139856 243.00818322357944 nucleus 0
103.65956302877748 205.39480917634938 87.11356221909227 182.86403087850755 126.10275890234334 154.23212407012534 142.64873290907417 176.7628290081015 nucleus 0
91.26239362412889 76.97765417367526 128.3382661655196 92.29839372370469 106.63416965864599 144.82138262896189 69.55831834136916 129.50067905358466 nucleus 0
115.40865311588277 153.00092386116097 123.59835475886939 120.84515684301975 171.3724035348423 133.01247617357888 163.18280024941487 165.1681579124359 nucleus 0
198.96059917882667 141.12494919498425 161.04587924710358 147.77737697519632 150.54413508696598 87.92400614883348 188.45866217292496 81.27159572365402 nucleus 0
31.36921237783099 53.79197533467827 33.581887817636016 21.825088436487835 87.84694706540904 25.581181679274422 85.63429955211177 57.548041822116915 nucleus 0
126.8330706879351 35.65487951031876 130.82979272941884 66.55792245586386 89.7886755008949 71.8657700012463 85.79198122279195 40.962751873733026 nucleus 0
144.1009049260174 69.03090185256504 140.9035519524332 44.30846683438367 183.9347298773646 38.7432458173996 187.13210108231578 63.46565961877513 nucleus 0
36.53416709137673 197.37098429957982 52.33130167100171 211.90923532386148 29.49519885420159 236.72183918245872 13.6981024191482 222.18362765761242 nucleus 0
133.6955754138762 41.05135381760486 130.365003549814 15.298821849133155 171.31318293912045 10.002997661012316 174.64376348492806 35.75551941971478 nucleus 0
227.28825690348458 41.514974683810344 222.35902426291432 3.40122291651555 265.297278315702 -2.1519590664683212 270.2265207394521 35.961780015555235 nucleus 0
426.30866519990377 422.54483007356333 444.5371598438214 439.3187428958639 413.32750653287803 473.2296148167336 395.09913593225065 456.45583075980875 nucleus 0
583.4506731532019 412.29002382231806 587.7145735661179 445.25332749747355 546.7663522627117 450.54910370319 542.5026928605075 417.58601793625127 nucleus 0
579.1488078308612 390.2535991121646 561.5499372406339 410.05718434117426 525.685165978939 378.1885498680459 543.283939792891 358.38509823282345 nucleus 0
484.3249959485547 68.80028364572722 505.23450422224414 33.43389062548477 548.8397756788618 59.214374722988154 527.9303157806135 94.58072582810338 nucleus 0
565.3388360971439 46.38020565164126 595.670528074188 41.058215185716385 604.7549209499266 92.83287132803386 574.4232306730555 98.15485467878018 nucleus 0
17.681810463327565 252.86166699730003 30.03447327799222 251.99793521265136 33.20850283969776 297.3888677535006 20.855840447038645 298.25259550611554 nucleus 0
28.802247620988055 260.4976117299867 30.405280160703114 237.34047720911974 72.58606694020273 240.2602430445876 70.98313121372485 263.4172860927826 nucleus 0
83.69000092970964 262.1053056698658 102.62453843424737 295.2274334412932 66.79925330397964 315.70581397994977 47.8648860197427 282.58383356193235 nucleus 0
24.571999266117928 342.59917983846884 53.63996524407412 337.4994068715149 59.749302476921 372.31854998624107 30.681342803218286 377.41829901616205 nucleus 0
54.15892896373407 346.6851628858324 50.42845145922911 317.8422768385105 94.2958189597266 312.1689678860106 98.02642824077338 341.01169835577764 nucleus 0
36.3391399129614 411.82962372481944 32.07558974325366 378.86638574391355 66.05066944481223 374.47243670948586 70.31435911056178 407.4355110227065 nucleus 0