387.58212687309424 444.6050990097881 371.2017865990492 416.4702998016588 430.00683495447447 382.2378164849258 446.3871716755966 410.3723200000528 nucleus 0
138.33469201199478 360.5209472409326 164.37602894402517 387.6845719491201 124.07851956639206 426.31250757087736 98.03740985931654 399.1491054617867 nucleus 0
199.49846099618298 373.27442780534136 238.40190246184648 368.73889454603847 243.69796568440506 414.16070146268237 204.79452952888096 418.6962043007777 nucleus 0
233.6291161205736 356.2024299271035 255.35291625019454 334.2666519173084 292.57517379897763 371.12572015309877 270.851528995845 393.06134304784723 nucleus 0
105.67883195784816 318.677935256602 91.26128247684392 281.05281763787485 170.03303268407763 250.8700077956276 184.450722768961 288.4947885113352 nucleus 0
293.8919260176772 240.7365343424708 330.0165202925564 236.5247144178644 335.29764361068374 281.818487726258 299.17305260678404 286.03028893693016 nucleus 0
244.52242468803888 169.37332856818202 292.8825865305407 219.82195485955816 270.0815748047171 241.67825632074482 221.7215387262695 191.22975252099266 nucleus 0
630.5846791501244 38.60333580224397 632.3118296558096 63.2421683554245 588.0271656304103 66.34642634982063 586.3000373257091 41.70761333979116 nucleus 0
566.2247319999733 -8.617993891553039e-8 566.2247320736788 6.015537010140734 540.5714849090873 6.015536896253324 540.5714850000368 1.8923803393038945e-11 nucleus 0
425.15101554701687 487.42756429459354 422.1674677059491 444.8694093926966 470.90058841655264 441.4534827086088 473.8844681090268 484.0112777403393 nucleus 0
540.3663270262041 35.60086114320651 509.79937027339474 39.164875957239154 505.32157227629796 0.7607475352482235 535.8885104115325 -2.803266075093699 nucleus 0
301.26728588555125 33.47309940391477 317.9296915186569 10.417492700459832 378.6244300912949 54.281843898073056 361.96205558400834 77.3374224319852 nucleus 0
267.3871343263454 -7.017658623116689e-7 267.38713515405834 15.21937797417954 218.07102768587356 15.219376411135189 218.07102903963823 0.0000011380078988065348 nucleus 0
461.9730923361203 536.6170986312027 458.83241839728726 491.8190061059847 512.4300340334594 488.0620870752151 515.5711305687873 532.8597219933895 nucleus 0
403.49054744059686 513.7057470906418 401.44910760514904 484.5870001198927 449.1494649223023 481.24341004222265 451.1911422955018 510.36189807497374 nucleus 0
331.12736638671777 504.09508416848735 355.81476829269377 479.1692801137828 395.2731263349415 518.2428872323649 370.5859880436037 543.168428395281 nucleus 0
447.3345190382679 557.5890560376328 423.5692286161793 593.2158675674793 368.5422546441987 556.5174977638859 392.30744418258837 520.8911752846531 nucleus 0
423.25489448914595 591.1014338216719 426.00373944187595 630.2998709683503 375.302876294154 633.8538027616995 372.55451295204693 594.6558181304165 nucleus 0
231.98681073285115 629.080532927729 211.32962286916154 600.3882331133327 267.00758835999295 560.3132271441551 287.6646324989997 589.0050908603533 nucleus 0
267.0634274881013 517.9277153062137 222.60197122704994 523.1108025275977 218.39233988663182 487.0040510898375 262.853194893396 481.8209993980954 nucleus 0