575.1796537827613 472.61611879308305 604.8165672166215 489.26307416535707 580.2825111120183 532.9332739307818 550.6457098214742 516.286474675852 nucleus 0
372.00068517922773 509.94625926072604 377.88214846244955 478.9345257599006 416.5395984546194 486.26467583271653 410.65839196919114 517.2761834874223 nucleus 0
268.62200749899785 27.71939173055786 274.7214744566736 -4.448716328674668 310.8715309546824 2.405775627931615 304.7720713962917 34.57387748311162 nucleus 0
41.48758089671901 405.98380180863813 27.269748337639612 378.75433844840273 74.8003253902425 353.93896329326026 89.01818317172001 381.1682197319356 nucleus 0
15.249702998844441 539.2803674217087 40.49033820061595 539.5125757106897 40.15942370977427 575.474220576212 14.91878853426897 575.2420140185103 nucleus 0
226.94896988548862 365.3310979729107 243.18987580576504 345.52924502876414 290.0077588213753 383.9240224977408 273.7670327565138 403.7257079541016 nucleus 0
614.1419472438429 468.53730553806736 587.3882806927577 462.72757394634056 594.1485793739412 431.60192589823646 620.9019705760147 437.41162653922 nucleus 0
500.7363915313181 199.3461082798133 524.969301705496 179.18439401911252 560.9380804775719 222.41493894934305 536.7052524573228 242.57656421355776 nucleus 0
337.2439853574906 84.60221552250508 350.08873043327185 64.76226475634863 387.3594360319112 88.89187456674082 374.51472293789266 108.7317971905969 nucleus 0
149.30730922576913 415.9320902108487 172.23887374457263 420.9118926738811 163.73552263677993 460.0635963898693 140.80396866113006 455.0838264322115 nucleus 0
566.3943227584241 289.124551783642 596.9696359147929 295.76470309694236 589.2719647792546 331.2069923438491 558.6966606645728 324.56686877175963 nucleus 0
451.32457532716217 101.7112496361747 440.30726097866136 124.40865116929902 387.8019496271736 98.9227090683946 398.81927373869985 76.22535708343038 nucleus 0
521.53313705654 364.6360030569326 505.4761967231025 389.4353713512346 466.8015363140148 364.39685829650205 482.8584526239865 339.59764387159225 nucleus 0
99.73362091644958 177.36127956652194 130.3088694701728 184.00169300315437 122.28161776423804 220.96145739415803 91.70637505732884 214.3210625861441 nucleus 0
595.0198020972311 302.2429185946518 625.3941271833173 302.5224013758427 625.0399899347394 341.0073367488428 594.6656648649514 340.7278552536602 nucleus 0
285.8317092823563 57.7643636188375 295.65795282171166 37.52073758315957 333.64901011846086 55.96153273392705 323.8227879117767 76.20514054527112 nucleus 0
431.5483694600698 131.7544402208144 450.6794296811131 115.83712265518146 481.21796186460415 152.5409571612122 462.0869386045524 168.45823456005579 nucleus 0
337.8191545712616 444.75969173349927 386.23026808185386 455.2723418711366 376.8480330940656 498.4707621287524 328.4369457678986 487.95819357456656 nucleus 0
574.1902038357512 375.9011846574662 562.9657125787344 354.40419102688617 598.4588320555486 335.873467709666 609.6833370048262 357.37034718170145 nucleus 0
604.3023889581673 347.9961421331961 632.3297919079778 354.08277853554375 621.5925720109954 403.5198367085426 593.5651825203968 397.4332433264851 nucleus 0