418.71095966933353 22.261848912846958 419.62906711203686 4.7968267022937505 443.2268574096088 6.037323501847068 442.3087523732829 23.502343238019463 nucleus 0
103.41089255394763 389.782667460306 90.38207187550142 409.40509937888487 49.29758170561399 382.1288272779218 62.326375905104214 362.5065326729548 nucleus 0
536.0919525328791 413.72460721337467 537.3883484148973 389.0680559991441 567.8632808425755 390.6701712000305 566.5670029206376 415.32660984442737 nucleus 0
536.1853076622356 328.68343980976925 560.9192788623477 321.2438134163378 571.958870121889 357.94322184185427 547.2249146668764 365.38281179114665 nucleus 0
501.4093724868144 455.16936130525215 500.0051072387578 481.8807657666392 438.58040791041276 478.65167775652077 439.98494221057626 451.9405609576544 nucleus 0
603.3703776709444 496.4255915006899 586.4623931712413 514.5618683425635 562.3126225878514 492.0516721405231 579.2205139248108 473.91550638365777 nucleus 0
548.9987817103975 312.3474821601147 526.0222782317578 309.80527117866353 530.7986704870564 266.6399845706247 553.7749587817234 269.18218345516334 nucleus 0
515.29852834763 177.04643924079974 538.2335046041408 175.48955774894833 541.2768064473494 220.32029381540985 518.341830763602 221.87717016671783 nucleus 0
624.2954167989956 119.60526178488877 622.8912715957267 146.31650641313848 575.695665312669 143.83549715325952 577.0998685554514 117.12431427158006 nucleus 0
466.63409355431213 104.58242035877406 482.4134104909899 87.6539244382331 513.0498970887129 116.21044994077009 497.27061083242006 133.13891643516476 nucleus 0
317.38880331162363 411.30924052091973 309.21452874230454 424.47912518442877 277.5273701722472 404.8139208810756 285.7016371483769 391.6441110998256 nucleus 0
563.5308379707567 531.6167443038894 582.4500303957757 518.4716807563133 603.8561688098707 549.2741909427359 584.9370587289013 562.4191552263475 nucleus 0
108.94901994666725 320.7799745207648 118.10247445639106 301.39055079441914 173.68006318174594 327.6258131077804 164.5267779990536 347.01509248802347 nucleus 0
525.9153733864514 528.1777066842217 541.696519484467 511.25077268942175 580.9786975033785 547.8662471375504 565.197738763527 564.7929992958428 nucleus 0
93.17946662478789 372.77334744913816 98.3964550372184 352.5217242656729 167.15331716921355 370.232102014792 161.93655991919513 390.48352582733054 nucleus 0
385.0019481856725 405.8240842700461 376.2644145989907 424.3320551102306 321.6288868011907 398.5417052326152 330.3664587663661 380.0339017104656 nucleus 0
520.2410076114757 221.92723763911218 555.9820421680342 225.88185368506987 552.0961076840467 261.0006775402876 516.3550751670846 257.04607402020724 nucleus 0
107.83807703701314 356.1854627607795 108.70231690947548 339.7477582904687 159.73114211301436 342.4303986209616 158.86701696646924 358.86799182365917 nucleus 0
0 449.830657 18.898973 449.830657 18.898973 487.426824 0 487.426824 nucleus 0
548.01371493646 266.66100237627643 568.1989912038262 261.7538681680393 577.656097434301 300.6530133457881 557.4708285196539 305.5601267826959 nucleus 0
419.5808334743924 443.9560401418183 411.0260852031206 467.48186670023307 363.4488694875472 450.18358832454555 372.00370684993686 426.6579602398026 nucleus 0
15.09823405147472 450.20888664570856 17.15094632047112 411.16923820792033 62.01430502391304 413.5278269774127 59.961888069301494 452.56719354818256 nucleus 0
413.2514557133254 488.02791081354985 421.2746384834463 467.1968660120532 464.48753443255555 483.8376066605395 456.4645579140051 504.66847637766165 nucleus 0
459.2566551158234 158.4011563735833 466.93401318792894 125.64078054617337 529.4685604436381 140.2954150564057 521.791337384202 173.05567383462494 nucleus 0
435.71307262260234 59.12631654297594 460.4468552265462 51.686114190235216 474.4229196201195 98.14716775181196 449.68914153738297 105.58735961124313 nucleus 0
187.64907883291016 372.7520744037039 197.62513141758973 359.32408289209366 243.764930110774 393.5990171335019 233.78899927833118 407.0268983498739 nucleus 0
558.1828976313409 594.2710838546616 575.7726857260423 587.5713836906158 594.3732646040735 636.3930082285056 576.7835189756443 643.0926282184618 nucleus 0
576.9829976162146 319.03601845273636 578.0632523915847 298.4889008515401 613.913926432142 300.37358218131965 612.8337608393485 320.9206142304653 nucleus 0
556.3284268604184 372.76202456269823 571.578394903554 353.05853669950017 614.3971865707863 386.19568064984435 599.1473831832991 405.89901777869113 nucleus 0
377.34564332575246 446.18843568132087 364.94670501706423 459.4886342692734 331.60906118821003 428.4144066941325 344.00791640524403 415.1143074059982 nucleus 0
535.2890769237274 493.4334518950231 530.7436424682965 520.3903878597918 484.453183143778 512.5861950847034 488.99880397628294 485.62949845228155 nucleus 0
23.416533046838595 400.6282122474494 28.37905411462998 381.36453804493834 71.02217597370327 392.3485451205673 66.0598004165513 411.6120937756099 nucleus 0