388.68748959292134 626.3829343263681 360.4178937932011 620.6016060644615 369.67375852385885 575.3559320734304 397.94278973466135 581.137200845902 nucleus 0
336.96897762900335 553.5734390876528 363.87153381445387 585.1480577507892 319.12926944227365 623.2596032067175 292.22714413648646 591.6853906204235 nucleus 0
280.15273216522473 639.9999889754957 280.15309388254536 605.7922260481076 317.38710129509855 605.7925881089997 317.38703453258495 640.0000567925979 nucleus 0
219.72645076617482 601.380330884569 250.6899095641711 593.1281016814606 260.1940431458934 628.7790631119752 229.23061095250887 637.0312227271685 nucleus 0
174.48455207631923 639.9999963400585 174.48502812258084 601.9687341522579 220.31630134413717 601.9692314713233 220.31622744500055 640.0000929770758 nucleus 0
294.55371588934213 469.58094191311346 321.5983390382462 491.84831683214804 283.98981215075764 537.5165501513256 256.94541383920296 515.249422035181 nucleus 0
427.4802737699065 573.0762908443057 379.3866719279322 576.4461091295503 376.1921737794182 530.8590034233408 424.2848839046201 527.4892163275395 nucleus 0
555.831159288573 625.6688238957714 548.3710255212645 576.1614725824086 612.4663978639 566.5055326618757 619.927114174061 616.0121719183632 nucleus 0
439.14195579171064 549.9812568873185 432.85990212039906 508.29090745442113 475.867388101542 501.8116671400008 482.14973048518004 543.5016638430244 nucleus 0
456.30365372817323 425.670881464714 485.270582243611 444.97093276072485 456.9430046433263 487.4803562946176 427.9762115613994 468.1804724281311 nucleus 0
523.9538980350335 487.5820254466688 551.2986287681997 493.97114117293404 540.3821168300055 540.6835796249416 513.0374060077884 534.2945224976354 nucleus 0
573.5766394219536 490.34288114351483 616.1511186980351 478.9950625496636 629.4082785680803 528.7237515902904 586.8338422769739 540.0714597084794 nucleus 0
582.1493278534035 487.2865856682833 556.1986445169896 505.3529056830698 526.7807333266683 463.10354810422257 552.7310801624117 445.0373928920712 nucleus 0
541.2813760794961 459.9792941823015 535.3923420384672 420.894563230542 594.3413894543482 412.01364215401384 600.2307310960896 451.09799585325857 nucleus 0
640.0000361620914 491.476128 632.1258093663346 491.476128 632.1258461432444 461.4881199999999 639.999990060096 461.4881199999999 nucleus 0
609.9034984384343 408.9107019603607 633.1258603055176 402.7206687074282 644.5639806291001 445.6259625452723 621.341635353092 451.8159521219676 nucleus 0
526.8902471574984 585.3921497200997 546.8341134066577 594.5160485374164 532.9517965966807 624.8530301983816 513.0079722783557 615.7291998947916 nucleus 0
640.0002109126945 360.3735449999999 610.6722565629752 360.3735449999999 610.6724070452765 311.867342 640 311.867342 nucleus 0
174.01140012669202 330.7762762353607 150.9999394929764 320.2469776747742 170.05481794571097 278.60641329026663 193.06606908001413 289.13565553389924 nucleus 0
109.94044214457972 142.916838266711 140.90333280757477 134.66255553309247 151.9459623833245 176.08418218203693 120.98307990811008 184.33844382573224 nucleus 0
206.58703310939018 158.07904234476632 193.77589740193798 180.35703403216013 150.82704629850923 155.6593580290969 163.63818027632078 133.38143371515247 nucleus 0
514.9734052566782 92.07516817830157 489.5339369546127 122.17087200791303 449.39910539360426 88.24562958713587 474.8385398049868 58.14997935894348 nucleus 0
458.40922177158063 639.999967969453 458.40946109208744 624.5869744422885 505.66321658894594 624.5875468125914 505.6631485122489 640.0003688701838 nucleus 0
473.3939197746804 583.1868636925672 493.4307662302308 573.6727281466766 512.4622180220467 613.7426668160522 492.4254312146513 623.2567082225858 nucleus 0
419.98767034179764 587.3146745498165 445.4311105641682 557.2220829821835 475.8771536956192 582.958052626513 450.4339923016232 613.0503822830151 nucleus 0
388.72815000002447 639.9999999999953 388.72829258871207 624.6868191016971 414.49351679737447 624.6870245636054 414.49346699962916 640.0001127290329 nucleus 0
392.85849669598974 582.1702512443289 419.95153192590806 574.9494617895836 431.90683071101375 619.7950073332863 404.8138241573906 627.0157217819121 nucleus 0
352.0580820566829 639.999998844879 352.0582284433476 624.3663568214956 379.2574034281279 624.3665798073926 379.25735699966026 640.0001218007712 nucleus 0