240.72989592103113 142.63406368772928 219.56113982159877 128.51241611900772 248.66191135202826 84.89004069009329 269.83059986239823 99.01165737399195 nucleus 0
245.3731981760211 606.3170092691062 242.37592576966563 632.1424894397401 215.876952969993 629.0677699997209 218.87436200093362 603.2424478829271 nucleus 0
311.0435134645377 606.669596463296 316.12177871917083 633.1926853158054 276.30234064468823 640.8142048398521 271.2243590506114 614.2913651600086 nucleus 0
147.2048326174263 499.80071991733496 176.0048895381624 501.1516885304746 172.93366634461563 566.6107571047937 144.1336106223025 565.2598060949892 nucleus 0
75.14223500314984 0.8743587288107911 75.03453964774963 10.129700155635064 57.24211345164804 9.922666612615798 57.349809137231205 0.667325525883111 nucleus 0
326.91440940645407 618.5333618501268 329.75419411341136 594.0670937224834 376.3141298300616 599.4697113997361 373.47462982499565 623.9357194486813 nucleus 0
472.7971601628815 583.5405360417476 474.28574636011035 608.0414043723437 425.93006900053297 610.9781546289205 424.4417605701892 586.4775495294117 nucleus 0
538.0778499014559 581.6579542530683 519.8851956878207 564.5469101739853 550.3934180833312 532.1178991214665 568.5858896258287 549.2287848388341 nucleus 0
225.70759424175776 328.2567094541576 239.92284484833363 337.1121831479192 218.94590865609644 370.7823543222612 204.7306931300409 361.92692615320436 nucleus 0
315.11037030672014 149.01455934664187 336.0645204038883 158.90309576896124 308.16772079146176 218.01592852292282 287.21359808245325 208.12743608078208 nucleus 0
107.8895172385819 598.6299926155575 105.83875994605478 616.3000725289597 75.29723999999987 612.7563080000355 77.34810276757344 595.0863508602376 nucleus 0
258.97280789016804 131.91879541977002 280.8595201305434 137.48523221455002 262.24556143286463 210.67209816528543 240.35885871104256 205.10568807155227 nucleus 0
225.3206116905494 442.9226616128721 205.3184199956013 433.48438312246395 232.74089163453027 375.37682732950947 252.74274801013235 384.8150126531178 nucleus 0
382.24906164927233 622.1988184096366 386.66643151445896 584.1401816664758 424.5802391260804 588.5395815337959 420.1632280017657 626.5978904838179 nucleus 0
276.9598656590824 147.66608686492947 294.68296644110524 148.49761217851474 292.13311895793595 202.84382959209796 274.4100183441333 202.01230719677858 nucleus 0
180.28791175405786 44.38064994074357 155.62251652489067 61.500027265058954 125.23491039428336 17.717946684139076 149.90028218009684 0.5985810828818675 nucleus 0
376.3441118055198 617.8157628277228 380.5914890464919 635.9143224240537 338.8236001387122 645.713170319754 334.57643291476415 627.6147920137671 nucleus 0
184.48863663455995 479.4929152364847 159.0554201656778 470.2922790649597 177.360483187731 419.7001741423451 202.7932822920411 428.90072709773966 nucleus 0
175.05680032430973 48.139338920258574 217.14916566415923 50.11423737881075 214.8921380397951 98.21964760494546 172.79977288213558 96.24475175932274 nucleus 0
136.93536085862434 472.52367634787504 159.45511940662982 481.16109184024594 141.81892153988883 527.1343012054606 119.29920470320212 518.496964688921 nucleus 0
492.2973963943514 524.1037293596969 527.6979441670846 532.2722490367208 512.354097841453 598.7537781594582 476.9535893364082 590.5853747975236 nucleus 0
557.1979395832022 540.5416830915104 549.4417178533331 513.977857128357 599.2818200123293 499.4281240575247 607.0381978541991 525.99168393197 nucleus 0
259.6478240939905 232.60320363609807 274.1192553318251 243.42071813291466 237.53081987604673 292.36539986936225 223.0594441017456 281.54794952990665 nucleus 0
200.66072040761355 385.77405450809744 214.95417773883673 399.2192611506318 181.71968414761068 434.54600665717146 167.42632346205937 421.1008991526501 nucleus 0
131.9601233197318 602.4633304218239 102.84773759281961 597.6831577742047 110.93287670191785 548.4570257635719 140.04464851306693 553.2371467376569 nucleus 0
228.5121063391125 57.26935703626459 249.33115038227697 62.5643352396679 237.77877888838702 107.98628036417547 216.9597376373713 102.69130971901049 nucleus 0