189.99892528605415 481.20679911296526 201.38618918819702 453.65052683621565 246.4297406575497 472.2610531162743 235.04275754792616 499.81708738512225 nucleus 0
187.1757805391826 97.05683329046634 232.1464595750149 99.67873843659696 229.30345401982777 148.4412144880403 184.3327753667836 145.81931516252396 nucleus 0
266.44186092031305 457.7326961040212 284.23224313693936 484.02674088358754 253.18991262560303 505.02595771922824 235.39972869992198 478.73208907282213 nucleus 0
219.22452500002692 640.0000000000268 219.22487982134044 616.7216092006217 261.90932247911405 616.722143456859 261.9091996883799 640.0003027388419 nucleus 0
151.38993832246342 358.48330364553254 121.64132499943662 347.0845491307865 139.3170934182126 300.95844854619605 169.06537903807475 312.35713274468543 nucleus 0
93.8386559789069 550.9019294892074 96.21950819404447 523.6690858259378 138.71603054103616 527.3835387705332 136.3354292013537 554.6161487984907 nucleus 0
188.93246353683935 73.72180609829644 185.63689779577544 111.42876196677929 159.2281874960463 109.12064116342778 162.5237836548331 71.41371825471542 nucleus 0
218.98077381214534 300.5426926961103 244.058756793238 296.81749929938803 250.17053157564078 337.95892286077424 225.09255267417757 341.6840978075594 nucleus 0
235.4217734001577 419.73958860222706 232.49211676105915 453.2569826310635 189.813439528225 449.5268264789723 192.74330529115105 416.0096638801514 nucleus 0
133.939785872426 463.8334916425353 149.81179874346708 464.7587187528486 147.48983424564358 504.5845788640079 131.61782194161788 503.6593583854105 nucleus 0
251.71848420832248 554.1462569734418 248.6055255446263 589.7585194511726 189.96010915616353 584.6328165500914 193.0734675610438 549.0209963607879 nucleus 0
101.62373834835307 471.7942394507127 133.36776579475554 473.64467475194493 131.16378700215137 511.44700984365284 99.4197606191301 509.59658736581844 nucleus 0
193.72749604444834 348.8954555549377 228.11684974185482 350.9002461646339 225.5232143662579 395.3859577996923 191.13386185657873 393.3811795195975 nucleus 0
197.26190842164215 634.7631625693111 170.6228128442308 626.3273057777651 181.78811583842617 591.079721646614 208.4267950213689 599.5155075161609 nucleus 0
135.80870251797023 574.7213313874015 144.4287194572098 550.6503102948957 188.81549948157044 566.5417214093746 180.19576697908633 590.612500939718 nucleus 0
72.48348699838971 334.23108017489767 104.22750378449564 336.08167304189743 101.89661580698157 376.06073641673686 70.15259995489032 374.2101533463124 nucleus 0
0 307.567876 9.315331 307.567876 9.315331 333.917117 0 333.917117 nucleus 0
156.49382922529185 47.66752316176334 153.01518792090064 87.4693187061193 115.49721245653927 84.19025854527501 118.97588703992369 44.388500366855446 nucleus 0
275.6698468934337 178.40085594665385 274.0220479099662 197.25435360524884 234.46964717753872 193.79748759846083 236.11749272873567 174.94404248099087 nucleus 0
118.35243488414562 14.78235754912832 115.78921900814748 44.10998425978796 57.1443001156149 38.98443300370853 59.707531319290865 9.65682354088817 nucleus 0
166.69207608494617 519.6934307061618 198.66578468499938 508.5655808263263 213.5846580324869 551.4232207334329 181.61099899269175 562.5509700954343 nucleus 0
272.222182937694 459.41764049289424 306.6115471829107 461.422307425443 304.2806454884703 501.4013806453228 269.8912826243759 499.3967280536918 nucleus 0
228.44954628279083 158.6574690130443 244.90257311830646 132.8396042412981 282.1730871871114 156.59069256282973 265.7201367534435 182.40849022185557 nucleus 0
203.2618086945149 504.05054028746946 242.94184654463606 506.36352234214246 240.59309465206752 546.6490527163559 200.91305846901378 544.3360889247165 nucleus 0
225.76270691970421 307.02137593025947 223.19936436200805 336.3490344034584 196.79062918483396 334.040908084076 199.3540551228216 304.71334215777654 nucleus 0
236.45108099510253 240.40899081301845 239.01444747963978 211.08132977759647 271.19004756918 213.8935164328841 268.6267673550901 243.2210969100317 nucleus 0
282.6686484878155 518.8563500244686 280.1050568539358 548.1840829184725 240.12785460115992 544.6900529034824 242.69165576901287 515.3625517382192 nucleus 0
255.79482471424853 559.0708765284318 295.4748748416023 561.3837884287631 292.9991764587612 603.8460848353809 253.31912817186094 601.5331941915114 nucleus 0
206.30901652824832 588.3651446212057 230.11704538141203 589.7528397823527 227.9086017314694 627.6317984024913 204.10057388740825 626.2441151396417 nucleus 0
293.76408381307556 216.45547511060602 280.5227362403821 230.76141209169253 254.09378868171189 206.29997115660643 267.3351028007164 191.99407482802658 nucleus 0