229.65580328178476 277.0326735543788 259.17354367440566 282.7627823298885 246.87515230507415 346.1115864050679 217.35742401215248 340.3815203322049 nucleus 0
333.99501768777554 522.068412604832 365.74546310832375 536.353905128682 343.97931163563044 584.7195945432254 312.22896018705796 570.4342577441421 nucleus 0
295.3130184701149 495.4933632465047 286.94486155007326 459.44104241294167 327.9579902086698 449.9229847653515 336.32633112283656 485.97503845154324 nucleus 0
297.1745054283383 428.3542029762722 310.2255459647131 402.2110206788384 353.8031420151674 423.96267195455147 340.7523378156475 450.10565240055035 nucleus 0
414.7489348673116 472.6637945386186 451.9581484756782 473.9549357022041 449.18340714095393 553.9047475530837 411.97419451018504 552.6136260669073 nucleus 0
383.0103683496418 369.2999808729744 375.2405149846163 335.8227621829682 416.18531647523923 326.3205338473219 423.9552952583472 359.7975723549546 nucleus 0
442.0786484970449 354.61619459944353 501.0424544395937 381.1489620245983 488.76858928008005 408.4221629822581 429.8048503659811 381.88950743531643 nucleus 0
378.707233947207 -0.0000010267493528205284 378.70723452469974 13.443000086799877 339.28887420828687 13.442999249426855 339.2888749999838 -3.209776027599463e-11 nucleus 0
477.0646770000167 -7.5061090482539e-12 499.2415568521392 -5.774022162926999 510.0596044791746 35.77595713131912 487.8827248750167 41.54997756125841 nucleus 0
554.1404003890057 66.33949610306371 545.7735313204466 30.28704073283349 592.6027960224019 19.419155600419124 600.9696838143282 55.47158269734402 nucleus 0
156.9847408716305 275.4623424775886 195.29042314650724 265.48960343154795 206.78590828130837 309.64155080740727 168.48024453043763 319.6142402594659 nucleus 0
535.607903918717 103.20688652045123 529.033900893628 74.87995928438345 567.9488956872956 65.84875891710693 574.5229229521647 94.17565052024669 nucleus 0
545.9447358977195 247.3503706771025 561.5607034290588 225.51062001593385 618.125146282182 265.953689323488 602.5093399969774 287.7932950892555 nucleus 0
101.71458207834803 253.35087883180333 142.03634144367243 242.85319089083376 154.76650663018518 291.74738291462785 114.44476700555242 302.245016989352 nucleus 0
140.70676870673196 303.8928001190136 166.91595644930203 297.0694532939707 178.27145698327513 340.6838998198828 152.06228272356384 347.5072099082836 nucleus 0
136.04205307005032 386.52161259632976 150.87249440031883 356.8131993580913 196.84659348109562 379.7610457369673 182.01640716382826 409.4692412523608 nucleus 0
85.05094911830383 338.1781438463753 129.40499558972078 326.6310930903953 142.94137514283648 378.6217672655491 98.58735977883043 390.1687353547725 nucleus 0
33.34056723571848 366.9462783707114 78.70273438522418 355.1370088865434 90.7525023380731 401.41812899878863 45.390365634521004 413.2273175793545 nucleus 0
121.02843488100916 475.3329269098004 152.36890877364203 484.5445593998699 134.02683686756063 546.9373201666237 102.68641042377567 537.7258015153691 nucleus 0
198.635186806423 512.5020949233395 189.07146504483535 471.2995540014708 221.7584526714927 463.7137789146565 231.3223477401334 504.91606883878706 nucleus 0