179.81054307958402 49.412871598386545 177.19886200000474 31.330047999986846 215.7139572865708 25.767357621649985 218.32564659198397 43.85017125965653 nucleus 0
285.4870294196735 99.30311684370294 290.7104796080239 135.46876919293203 254.45107756910147 140.7056426149285 249.227693566354 104.5400501542928 nucleus 0
261.8779902442475 183.8299812203715 217.9076981194521 196.09858222977468 206.46886549344345 155.10258727382217 250.4389387826086 142.83401818420282 nucleus 0
238.59033200118574 208.28734223944278 222.13983677975193 238.02833366726585 192.78825192246586 221.79371064584456 209.2387516998133 192.05279786686333 nucleus 0
203.17126353525964 237.64749569884455 225.15641862904886 231.5133442073456 238.99495043537172 281.1091101624043 217.0098075815622 287.24323122253804 nucleus 0
223.43084865700803 314.4542117247398 240.62490088370396 306.885881631781 253.27814220727305 335.6298702401757 236.08410722044937 343.1981715938052 nucleus 0
247.25256296726002 339.0123381561157 276.56619102192053 330.83379984198876 289.15149918240786 375.938162535432 259.8378923288692 384.1166499910708 nucleus 0
285.5741021232825 353.6809444082451 314.8877405330859 345.5024536184903 322.63664886042534 373.2737208920072 293.32302314884146 381.45217979390287 nucleus 0
366.62573665293166 375.86995993454957 348.1508610853052 401.1400653105983 312.88486334226036 375.3597965064244 331.35968280003 350.08984637519114 nucleus 0
268.8711375913408 402.9138833001982 294.2131156728283 389.22025437120635 317.8301830136479 432.92146767580687 292.48827841554885 446.6149907788209 nucleus 0
148.9729438698123 66.89729571522483 146.207642727677 47.75077656738012 194.84662522976578 40.72592574947893 197.61194191029062 59.87242599616111 nucleus 0
112.01629156108538 154.76200191507095 115.70346865235479 180.29070465014883 86.43272719491506 184.51820878262436 82.74560295780248 158.98955335768252 nucleus 0
138.94530914702045 307.0584909059338 147.84332876493863 343.78236862270916 115.53248907861416 351.6103499039849 106.6346424807125 314.88662183854166 nucleus 0
101.9845089908631 373.38756819375675 97.98987432855938 345.7314768041965 130.28804187721107 341.06677691750326 134.2827753211168 368.72274801505046 nucleus 0
129.3116898250446 349.3369964955172 152.9641395737417 361.6751429795913 132.19208110203908 401.4913845525512 108.53968345087196 389.1533150595128 nucleus 0
102.67759754453436 396.48429985385576 129.54850727161102 388.9875540001724 140.6160786080727 428.6526715214961 113.74518799471844 436.1493699669179 nucleus 0
121.75438034857507 419.4837543612288 141.60562005949032 408.75716165549676 162.3746820938686 447.1883554302585 142.52349498179683 457.9148725995798 nucleus 0
50.08215747431677 420.3042257067711 68.40330664468638 415.1928842684231 78.97650474435068 453.0863361187113 60.655368575971806 458.1976448940575 nucleus 0
229.32133896072628 470.8210694347604 213.91304706878145 489.785235996936 179.83871000949875 462.1043169441395 195.24692389946722 443.1402935173549 nucleus 0
212.53502361396386 476.05719947926985 241.15917778945004 479.4398285435563 236.54173958915635 518.5059732768698 207.9175896124798 515.1233688361813 nucleus 0
108.63614547059115 639.9999876835436 108.63641335097782 614.0326666033285 141.66232232288166 614.0329637845363 141.66225399974792 640.0000857850227 nucleus 0
476.697201065399 39.86022135980483 466.9766923889256 57.43454974499764 423.3879819091817 33.32527894984453 433.1084902591101 15.750964265337936 nucleus 0
228.72247298386355 578.8271799655084 235.3620335200685 551.2080897613921 278.46721300571517 561.5679545455939 271.82795304834144 589.1867845933017 nucleus 0
272.3457287456404 639.9999954132984 272.3457838068134 633.4871464167643 297.00750603777124 633.4873013709413 297.00748899973405 640.0001123538051 nucleus 0
338.994193389226 569.6383925948068 314.93283840769436 579.7886032820793 297.0411378458084 537.3851506322486 321.102091760622 527.235036286555 nucleus 0
369.43077713323873 492.5098648689589 359.70896710474335 510.0835647671164 320.564040253812 488.4321798776062 330.285858006755 470.8586229023518 nucleus 0
393.3542790962383 521.6311400604147 383.63231298077153 539.2047442371266 345.36494441737887 518.0388143832986 355.08691799564986 500.4653598045222 nucleus 0
435.49057413059927 537.8753319622241 425.0206396284193 556.8006743222599 390.77234528660483 537.8576504175818 401.24228770691843 518.9324562481373 nucleus 0
421.7161022430082 615.0330004191884 402.17335926201486 629.2073868172871 376.2978709226445 593.5413736043741 395.84034743988013 579.3671267751394 nucleus 0
422.75597105595807 582.4047502215218 430.6124345038552 560.0613274983245 477.0958580813749 576.401869737592 469.23967419978 598.7450552130973 nucleus 0
482.32946012671164 626.6114796957256 434.5957119279774 612.2562621598775 441.95340818274417 587.79844079824 489.6866421717277 602.1535756549291 nucleus 0
475.05189653878915 68.96279282221612 462.34044265569537 91.94460252501625 403.18433993328654 59.22485107550018 415.8957965041918 36.24307645135501 nucleus 0
477.30912306928076 642.773062757152 473.3139419042709 615.1169469919864 527.5649384271674 607.2819588510438 531.5604104579688 634.9377232358884 nucleus 0
418.7416546839813 127.83621132718778 416.28359246780747 110.81708282558873 451.71720953636395 105.69947148950905 454.17529344631475 122.71857269601722 nucleus 0
394.6069824558799 103.08898534250213 391.5344201310654 81.81506458340628 439.0186683219508 74.95700578670778 442.091258369619 96.23089168180525 nucleus 0
410.6798274289031 52.98873322110956 414.0596701049799 76.39002933910136 367.95163012095145 83.0493333675198 364.5718174474314 59.64806330215075 nucleus 0
370.3972054000769 19.411687366529687 369.87712492540595 29.335480825543545 339.09191817096143 27.722102102585865 339.6120011844323 17.798311167361447 nucleus 0
331.4114155861171 65.76787342361104 340.7535169550101 89.47123693304104 294.4733928509959 107.71125185770725 285.1313355941238 84.00792542844493 nucleus 0