43.748193668507156 463.86317674826466 21.382216385463835 485.7991005764793 -14.645487636516918 449.0706041436266 7.7202849066088675 427.1348750184106 nucleus 0
8.750143744327943 630.3741046197625 -20.001271390065085 616.0883479284946 10.752499527297914 554.2112242938969 39.50318661649362 568.49676489726 nucleus 0
2.6155972319247667 363.230109246565 24.24830423333333 350.47933304735227 52.43894368097244 398.30204873186807 30.806310787520488 411.0527248038446 nucleus 0
72.84750226863252 560.2452395411356 109.31913601489214 564.934872838683 103.6584581869829 608.9473332845536 67.18683307459287 604.2577452844954 nucleus 0
136.73940599997877 639.9999999999877 136.73963600958814 621.9894986492253 172.94344606198138 621.9898591521364 172.94336894410662 640.0002080985655 nucleus 0
262.1832394524972 639.9999696702589 262.18347142465063 619.0674791471522 300.04733922789455 619.0678165331897 300.0472926651855 640.0001218324597 nucleus 0
354.487190840955 619.6449573171229 345.12623792878003 592.1830148006517 406.3751969911391 571.3103573972085 415.7363455441373 598.7719074880479 nucleus 0
306.4269539901579 370.2796215082709 303.7451270472229 393.2082826633207 267.147931182335 388.9280538419773 269.829861199687 365.9995126375313 nucleus 0
282.31933608105464 323.9490682724834 298.03690272536187 359.10438486767157 260.07221475192637 376.0762272288889 244.35487203329103 340.9211007109638 nucleus 0
420.6283565703052 342.91523289932184 388.9291368382692 291.58828679096877 414.95031813821697 275.51896760767454 446.64952110942977 326.8457333640319 nucleus 0
49.17296806634113 475.4201350437347 45.51569463685155 506.6865985940484 -1.4217279199510813 501.1969769305771 2.235776719971909 469.9307840822771 nucleus 0
529.2602700590942 219.28749746448003 520.1856817887165 179.36285237417937 573.5154723596497 167.24166006988722 582.5901714087377 207.1661507356508 nucleus 0
611.3002225576201 189.090709392865 631.7367425007978 215.28035663557893 587.8836428068462 249.49879089713437 567.4472504360892 223.30926117750738 nucleus 0
599.4898680165352 336.94098878525483 605.585021232182 284.8304403083046 623.3164979785215 286.90431682678155 617.2214632750547 339.0147566808889 nucleus 0
62.111841512596584 205.17634348343168 67.00548232183792 231.95845874279792 10.103208088257816 242.35508226758787 5.209713810909307 215.5730967457958 nucleus 0
109.19171298424772 51.17333618847891 135.24276965057652 54.52388193733009 128.54571939875314 106.59436338483818 102.49466371220478 103.2438227282244 nucleus 0
0 123.22026300000002 15.032727 123.22026300000002 15.032727 174.094592 0 174.094592 nucleus 0
22.844103244060534 32.85990352248961 45.208255226389156 10.922358452334318 64.98318199628557 31.081829650448633 42.619037676995504 53.01936713352539 nucleus 0
55.79810529634415 530.3021232273013 36.963212032205774 548.7741011700732 0.27781064112787135 511.3753510249131 19.1125065308006 492.9035615428337 nucleus 0
0 520.379689 26.779255 520.379689 26.779255 565.046503 0 565.046503 nucleus 0