577.6433480058768 103.32679808908814 546.2804471025447 118.5000237960128 526.4622541385324 77.53618219623664 557.8250771822786 62.362978274083225 nucleus 0
389.94712336767407 92.62718946614031 398.13686314264487 121.27007220257985 359.6279390291602 132.28060323286695 351.438254845707 103.63776772541662 nucleus 0
239.20582638776978 579.4225336044453 274.81156084060785 572.5507816042797 281.03093439582153 604.7680096114631 245.4252137873118 611.6397119988269 nucleus 0
23.25815590847924 275.20996887154547 22.465671366953757 241.7974302844134 67.68392116428004 240.72496867023352 68.47654712117219 274.1373616611018 nucleus 0
8.593190862375195 71.81254389600892 33.03706414895714 72.26886562176637 32.389839203460724 106.93870001821742 7.945965927792713 106.48237881896307 nucleus 0
254.92156612825056 215.83673389484974 270.52950765530113 233.20739235256445 224.08366866722645 274.93805928903964 208.4758292445622 257.56749931635727 nucleus 0
600.6256844252493 129.37186033336164 592.2208966918697 157.04055235050515 560.0172882682818 147.25831231317323 568.422102951663 119.58966870278729 nucleus 0
248.5639756583987 628.3529228312424 247.78746309137205 609.2945537738715 289.7531651184545 607.5850715020779 290.52985366659414 626.6432568081823 nucleus 0
506.169553923246 347.14717021612165 528.6874660392641 365.02657180722144 492.6112492485845 410.45721350711403 470.093467807601 392.5779578512472 nucleus 0
320.46265339471574 537.6432907792918 307.6765401005832 520.1989368365897 344.74930292468343 493.0312648229881 357.53536073621945 510.47546503641377 nucleus 0
157.34007392784406 210.00925634293324 134.45081225188915 214.42780205086189 127.14108401203703 176.56215641364446 150.03022267410415 172.14362287816658 nucleus 0
529.179598783885 264.0420210562511 559.698572060297 258.1507876857065 566.2093569457647 291.87743567970574 535.690389810552 297.76864811647266 nucleus 0
368.1945333276235 521.8835594525694 356.5902643699519 501.7390057504632 408.06901646101323 472.09008136144723 419.67328538026777 492.23441302482934 nucleus 0
479.1532854675461 207.95509668148827 495.1342793832009 229.76174076960672 456.7819946571399 257.86697029569484 440.80110057999264 236.060416264951 nucleus 0
72.8237376290781 414.4717940533144 103.34279997499834 408.58101879738086 110.31793699301488 444.7131657988997 79.79888445894176 450.60390649873887 nucleus 0
564.8696357854351 244.69623212246472 594.2851443340624 245.24533786568173 593.5810804105131 282.9600460850745 564.1655719024129 282.4109423734628 nucleus 0
267.1576983253908 569.1997341003708 256.8075812366442 551.2332275999582 294.670552276948 529.4260717714228 305.0206695806264 547.3924175613455 nucleus 0
431.74965947298915 426.26341799891924 449.5272640802432 440.37831700567494 418.8022724633629 479.0702253131009 401.02477314227144 464.95544384988045 nucleus 0
356.37371939068544 114.62037200986458 367.83944115457416 154.72040519026334 319.16227979971154 168.63823344941352 307.696684122493 128.53830889913834 nucleus 0
535.5605619395646 236.72954416008398 545.3571859803924 214.0440290860747 579.0764024379314 228.60493210798558 569.2798633248458 251.29037517082182 nucleus 0
565.0515960805205 190.22333344895756 593.0272960779257 184.82291171887223 602.1401785482885 232.02873738700364 574.1644842975802 237.42913871176688 nucleus 0