329.51421745216066 506.95029489225703 294.93721680919407 504.3370749073281 298.0114331050572 463.6707963265011 332.58792774729955 466.2839971297544 nucleus 0
96.37959618485183 408.8838112484612 70.31450838905585 417.62909935247717 45.726526788348565 344.3526003916586 71.79109602402605 335.60740670955 nucleus 0
36.48143888749473 486.76184081156475 58.85464259496075 488.4527333594799 56.73683339467971 516.4695460495001 34.36363065833575 514.7786623581572 nucleus 0
64.6923952895304 599.968491680524 45.48930673277937 594.6122057084115 57.15217462427972 552.8102828343926 76.35492557492398 558.1665188999339 nucleus 0
253.40827619824267 297.816011721914 268.242774219907 323.45016456568396 214.9532585147972 354.2861486294715 200.11898185839527 328.6521873777628 nucleus 0
219.13390088651795 299.1691071871764 203.69184549315833 325.7955716101916 154.97158130565367 297.5419137606339 170.41363347831066 270.91561882897304 nucleus 0
117.24395760647894 277.87437903062346 136.45375893516757 267.7342322447931 162.49011495543527 317.0552007593181 143.28035655111307 327.19528485099295 nucleus 0
92.09222351229982 265.2345722365323 118.53326814001775 267.2331359281234 112.78303674997005 343.3038887666376 86.34199398657074 341.30534228940434 nucleus 0
73.8576323268353 235.85450258238512 98.26474289962789 237.69936596017442 93.06502014616854 306.486965551603 68.6579110945604 304.6421149075747 nucleus 0
159.85893538905657 207.6251562544053 188.33389759558486 209.777515332281 183.71105522885046 270.9336625889214 155.2360942436644 268.78131520634656 nucleus 0
255.98446766656707 456.46340283771286 288.4041146628442 450.358567951082 298.8960754578875 506.0667250445661 266.4764452138479 512.1714980389404 nucleus 0
138.9138433944754 214.10239083075638 163.32095666650275 215.94726483787542 159.27235543182178 269.5067893277914 134.86524323554477 267.6619242337907 nucleus 0
131.70269636924786 254.69860662869903 105.12335555220488 261.08153820252846 91.11344984921743 202.74438339254374 117.69253279198892 196.36148399447268 nucleus 0
76.6636658119387 251.05017363894828 55.54067577817477 245.15711080500836 66.44015749712707 206.09105571574162 87.56301095047093 211.98409843558775 nucleus 0
48.033449738577474 252.75686171928953 22.60924932452326 250.83511031813546 26.642143699646113 197.48458598332144 52.06611432717182 199.40632858933492 nucleus 0
165.32909045141423 196.44633431069622 138.42491972354765 212.5984575612891 114.28625621789251 172.3922178160737 141.19029447654611 156.24014571103385 nucleus 0
93.91461305967823 118.0039701321172 121.3008955357509 114.63227189063915 129.3902596829139 180.33636406705298 102.00397950946353 183.70804998386703 nucleus 0
93.6399312474532 163.57796954106365 61.097046750583104 161.1180713543369 64.36866292824561 117.83831709496408 96.91139816277428 120.2982095648463 nucleus 0
73.22727342230792 110.91784136118096 75.45740832050797 72.72234120151217 112.07181244826643 74.860148551389 109.84172804717673 113.05560096783522 nucleus 0
161.00265355627926 123.58941757776947 135.91023482549645 140.96888712711777 104.03624246762774 94.94966400919786 129.12857927127334 77.57023396659548 nucleus 0
202.39035845224862 123.07458464521387 184.64165465760743 137.94980102655902 143.205322124777 88.5094615248898 160.95396954842727 73.63428335791109 nucleus 0
259.84934594445804 427.1248489900797 283.6221319458127 410.6615261384011 313.54299285616435 453.86083224537634 289.7703249377082 470.32401330200116 nucleus 0
152.1898631408112 148.74372964042104 153.82531232724432 120.73367570801351 192.69436010778008 123.00311979140035 191.05896897213825 151.0131185505893 nucleus 0
201.39758292330953 118.13871800581062 231.90646609415126 120.4448757972336 229.6016317194153 150.93586143574305 199.09274883946637 148.6297071573882 nucleus 0
233.60063705520588 148.38683880994975 232.1139260900236 173.85051962026228 191.38272942102049 171.47237414058912 192.86949813489628 146.00875515884024 nucleus 0
256.43959150380397 172.71570338456402 255.547573570002 187.99393347402227 204.58996891182323 185.0187351624189 205.48203546008153 169.7405567385221 nucleus 0
257.28329692952684 136.5219760220708 295.92788564383227 139.44310072457657 292.8591566439718 180.03968857174522 254.2145689834433 177.1185708301884 nucleus 0
298.20734415596235 200.28962443480142 290.3968084922235 232.8244721531765 239.578936832404 220.62504234962773 247.38956206339935 188.090328155119 nucleus 0
297.38612627734256 228.3950291629286 344.1664244416461 231.93102821675524 340.5181918029848 280.19391232287495 293.7378954367887 276.65792945812893 nucleus 0
382.9524048530584 254.87364738359508 349.34758044881164 245.49828809272924 366.9707007148827 182.3333834125641 400.5751819427678 191.70869162612547 nucleus 0
369.6906162443338 304.5252612276099 372.9617788102769 248.50512794109596 407.53953348714276 250.5241416103903 404.26858155522496 306.5440751065496 nucleus 0
291.99409688495507 299.72650093140646 312.33338046076824 301.2638310967761 307.13634007785004 370.0165891872298 286.7970581249392 368.4792721979802 nucleus 0
224.7017193260399 436.5875013497111 227.2296955355705 393.2991448217945 270.1280671429413 395.80404122232727 267.6003938707436 439.09210988432574 nucleus 0
314.00642192413216 306.1917558050566 338.41354096424766 308.03655567835165 333.98826504475437 366.5792089317472 309.58114746819774 364.7344226140232 nucleus 0
336.7852578678139 302.5165652851659 373.3959310201317 305.2837787160839 369.1787272444344 361.0736407188447 332.5680562030175 358.3064464071955 nucleus 0
306.93320788159326 393.5317597956283 328.06451333170116 378.8975064586167 362.8022645308374 429.0514487450441 341.6710713406792 443.6855660185091 nucleus 0
334.6046190409106 358.4253756781667 377.31708006962435 361.65370532784084 374.05868994028424 404.7593201370279 331.34623115955037 401.53101029013584 nucleus 0
359.1650978908001 347.037080205492 377.9413989898603 338.69574769209436 398.0844631958462 384.03338527138146 379.30819579181843 392.37466173397627 nucleus 0
422.1478202724393 407.2394332013121 398.60595029298565 412.8925378693029 382.9097423112398 347.53319104043834 406.45118561595154 341.8801398953319 nucleus 0
364.69506066816393 393.3278987336478 395.20396561354573 395.63379933548697 392.4961294953391 431.4561780927875 361.98722601700865 429.15029020348635 nucleus 0
344.75173212282243 440.67443359879513 375.2606398435455 442.980271105235 371.7757367399463 489.0823412441197 341.2668312340247 486.77652215847246 nucleus 0
379.2621932816837 417.10389969324524 411.80502582807094 419.5634916907284 408.51242012278817 463.1217642208017 375.9695895949699 460.6621898268002 nucleus 0
405.86829857042176 447.1650378281393 407.80143398500513 414.06219351454286 450.7434495356574 416.5695374128172 448.81055466321413 449.6721536358567 nucleus 0
200.65037729975302 397.0454783210847 210.80407233654114 359.5589117637144 245.88330568782112 369.0595651282047 235.7298367905605 406.54593757708653 nucleus 0
434.34977639895806 446.04557228520287 464.8586876164336 448.35137730672704 459.28229700919474 522.1221075945623 428.773389103153 519.8163332902444 nucleus 0
414.603466825356 510.0084662829054 440.2816233260819 514.0231593096876 428.6743730004673 588.2474813646938 402.99623059014266 584.2328498445023 nucleus 0
432.2722743473423 527.650838969266 460.74726883096446 529.8028034160653 457.2834392326331 575.6263366965196 428.8084471210459 573.4743925366599 nucleus 0
462.1380159137334 511.4043509675752 500.7826485087571 514.3249130086625 497.8799028217327 552.7258332354921 459.2352727366233 549.8052934466981 nucleus 0
515.0305532227503 486.75399686540936 513.3949885475886 514.7642041407504 464.2559072522272 511.8950922416816 465.8917115897202 483.8851416384799 nucleus 0
610.41971670762 477.65062710834565 630.1954104822653 495.82394977364225 579.7136090821004 550.7458157796464 559.9381659299252 532.5727526557959 nucleus 0
526.5590520102705 451.5043779800245 561.2587629930204 468.4098869474664 543.6021088439884 504.6451611224126 508.9024761328619 487.7397733515621 nucleus 0
550.8159805215837 407.1111886798524 580.9112029730022 414.27082957363484 569.7562065262173 461.1539028907489 539.6610031592718 453.9943174819883 nucleus 0
521.6097666828136 353.47023480510074 540.6538880532753 336.3385803963805 584.1856885185553 384.725297493718 565.1417135015799 401.85679893113274 nucleus 0
551.789031732842 335.2310761459198 532.3974502146302 347.0721829330878 498.9565591428254 292.31157496062286 518.3479197481211 280.47055573660623 nucleus 0
218.04248248954536 410.6481023397128 216.25828128264402 441.20461218408946 175.30900162426406 438.81368239834165 177.0933880679513 408.2573710923757 nucleus 0
515.3789668382524 337.89638346573844 484.50634484332113 347.6912009992061 464.9574859209679 286.0782350381983 495.82967821115744 276.28349074815776 nucleus 0
470.91927650872094 224.35434259353784 439.9616563034215 212.15439776658508 464.55521432799287 149.7498707912249 495.51257682913274 161.94975866879327 nucleus 0
488.4597780874901 109.06865678416244 531.1722135926539 112.29727797414614 527.1104436314636 166.03100973837638 484.3980092856509 162.80239737412106 nucleus 0
496.26764805143466 32.83813310898614 543.0479320532322 36.37427953941918 539.389173528325 84.7765153232752 492.6088900437753 81.24037264665894 nucleus 0
566.3653368683299 106.75690934194664 535.8564109487634 104.4507320954586 540.0868155063654 48.48671855221912 570.5956427136698 50.79289204534737 nucleus 0
541.8458564535831 -1.8449494345845887 566.2529620000714 2.6756416257811835e-12 563.9956577990961 29.862204008989504 539.5885522465687 28.017254877319804 nucleus 0
566.4853938145097 -3.074914659182373 607.1639024824253 3.646554048187479e-8 602.9646315307036 55.55276823794941 562.2861226066016 52.477855255538024 nucleus 0
640.00009705298 322.862474 625.3756122959021 322.862474 625.3757093345484 261.515523 639.9999999590364 261.515523 nucleus 0
582.6616100780666 188.84001352240807 613.1704962723597 191.14613105986717 610.4652826871461 226.93376584376983 579.9563972590113 224.62765470930773 nucleus 0
167.70729696334456 374.40630691942806 202.28405119916715 377.0196935503342 199.98448136953812 407.44104304070777 165.4077283594961 404.82766800853227 nucleus 0
160.03011068038177 371.49047936997505 162.557990833011 328.2021305962544 207.27490524877794 330.8132154382356 204.74729256464343 374.1013089850589 nucleus 0
151.43611803687236 348.1051336470927 176.809072666656 362.6165183058634 145.30182564398274 417.7004375295537 119.92896477480826 403.18918383772535 nucleus 0