243.480739000006 -1.9420839805052636e-7 243.48073935390858 11.782889045367037 220.40904493900598 11.782888818021238 220.40904518318712 3.90602310274727e-8 nucleus 0
211.58694855541398 118.48609716242706 180.0277853931766 137.36864474848988 161.533166405643 106.45808387464132 193.0922546130023 87.57556549106297 nucleus 0
193.2549801649293 129.32390872730775 214.05711848463397 144.2621890060008 183.63211900628812 186.62939313156895 162.83001948570018 171.6911581891871 nucleus 0
160.68484507668472 120.83525335157682 182.4139769373869 129.72456852708586 162.70295154645282 177.9056152797608 140.97383376167272 169.0163257423465 nucleus 0
149.29984495211102 176.76345739848819 120.30031843678444 172.37294272185036 129.67064122392912 110.48335332813201 158.66997490418726 114.87385303647105 nucleus 0
122.37153148271318 29.94121923773239 141.657993988847 60.157606942586945 93.92705721242237 90.62309654077745 74.64063726620225 60.40674606635969 nucleus 0
85.33948669246456 113.61614982759816 75.75397385735414 93.3027343263071 132.74780776213447 66.4085707670391 142.3333306342829 86.7219431512759 nucleus 0
49.654848438513 33.38088292960805 83.9268939448084 38.56974022194527 77.37264003575547 81.86004139715922 43.10059555107728 76.67118896896972 nucleus 0
66.2049058710545 69.65710761755525 80.23148734624556 91.63263864646554 18.450391379446955 131.0660281162183 4.423881035108934 109.09055894993948 nucleus 0
364.8341349999828 -7.111738436671041e-7 364.83413599518826 16.380466913645776 326.4657032293326 16.380466062077023 326.4657041056489 3.391105711706727e-8 nucleus 0
323.75007065311365 46.382455821565344 354.4331368861458 94.45396770886825 315.59247002551274 119.24497774236545 284.9094816825527 71.17353391706689 nucleus 0
189.5243588041194 25.603129364605653 191.94363523711218 -1.8635346508260415 228.52890619367827 1.3589125371585524 226.10963544168044 28.825570885518417 nucleus 0
297.24032725462166 183.1503621803671 284.9669650388387 163.92184501571 321.99028294780874 140.2907003639786 334.26363782687986 159.51916688087334 nucleus 0
98.7454577027529 258.01114556070877 82.50779983260145 244.7284277879163 109.66103595332243 211.53597562371328 125.89861772299628 224.818643966378 nucleus 0
9.63214056144352 263.4539370199402 11.717000938588171 239.78575247732434 50.184481928445166 243.17405741232437 48.099714321506326 266.8421556630131 nucleus 0
47.63134291009919 284.14766004339265 51.232496035299846 243.26626467666233 94.75354370057175 247.09975038367583 91.15258050929697 287.9809687020114 nucleus 0
107.44542428154091 246.40673653883073 129.37950042905868 261.79549728088836 100.55649181813351 302.87547563908254 78.62248124882171 287.4867936645598 nucleus 0
45.7508873387269 332.9325782474873 19.874220751662506 315.3735339818548 49.46804448212788 271.7645159628835 75.34448997197615 289.3234565521029 nucleus 0
10.80573118168104 307.9844069897982 -2.344702644768404 287.38266337303645 32.31018903759832 265.26324349892303 45.46060997083259 285.8648963131944 nucleus 0
131.9053380646801 291.65251202019425 166.1774443405011 296.8410081907348 158.476721269908 347.7035943928624 124.2046218480391 342.515130092024 nucleus 0
112.65775894018589 289.8302638544461 128.89559917333827 303.11276040501986 106.90979112681816 329.98843353287225 90.67199934615928 316.70599014827224 nucleus 0
42.43348022966529 365.2108113677298 18.50384326520725 345.6367606481831 51.369292472227244 305.46176878625613 75.29873330713599 325.0356915065686 nucleus 0
266.53155401261756 61.49251279935845 234.89579645829508 56.702798360222644 243.59314694556815 -0.7424435954597154 275.22886028506036 4.047267282502555 nucleus 0
0 323.467896 21.163358 323.467896 21.163358 351.754161 0 351.754161 nucleus 0
289.10219840450736 306.50352039812486 340.31242655524693 306.2984817728613 340.5610173199966 368.38122700341273 289.3507891851914 368.58626403113703 nucleus 0
146.91518667998025 335.00765136705303 173.2783769108937 338.9987100783178 166.94839828640397 380.80788941000577 140.58521315244434 376.8168531443548 nucleus 0
0.34790885212714784 390.3810159761627 -3.8508772724162554 366.1016134566744 44.49357416939165 357.7418654760325 48.69249015035166 382.0211038124604 nucleus 0
93.21168828057125 354.77041067609105 122.04848416877212 368.4761695729021 92.26054793449293 431.14257045768176 63.423840217728866 417.43695069305085 nucleus 0
0 385.94252499999993 13.781504 385.94252499999993 13.781504 419.26456200000007 0 419.26456200000007 nucleus 0
111.87263874831842 495.2152885450011 85.50912902399432 491.2244306372188 95.07916250462586 428.0173830811202 121.44209590362152 432.0081962451541 nucleus 0
39.12029125574918 415.3498502442153 57.56542528899445 439.4565027490151 11.376235849238583 474.79254042775443 -7.068644502069219 450.68611961148775 nucleus 0
12.320474681255291 491.3708612543366 38.23850524837326 493.5851681884162 34.190327789474395 540.9591250362979 8.272299809686956 538.7448382627568 nucleus 0
229.3295375972957 37.78254189462581 227.43435430325917 59.299020748742805 197.62275724140636 56.67319097362995 199.51795062588644 35.15672369705476 nucleus 0
26.20749801644706 538.4776773244162 42.25516606893507 522.6831012139035 67.05472246423597 547.8746349478802 51.00716632834519 563.669098406011 nucleus 0
14.651590119028697 599.7062902466258 -14.407774174251244 575.9400578857925 20.543239440230536 533.2156538571545 49.60217946587363 556.9816093374111 nucleus 0
194.76421585888602 39.255094763419635 220.4288394417381 54.33083299875494 196.01427516397962 95.89353246115321 170.3496643681865 80.81781205544361 nucleus 0
156.36088574508904 66.23721483759239 145.84100680564006 49.755549301072286 187.6341482772841 23.079957968306633 198.15402502230427 39.56160967304011 nucleus 0
163.72881478564523 5.951219742680882 179.2174349535344 23.094947262804464 146.87729778932407 52.31284232740577 131.38868590889615 35.16912285831084 nucleus 0
162.5784740000381 -5.730312119705252e-7 162.57847539593058 19.494993179407494 133.30512577122136 19.49499248773769 133.30512646090938 1.538132981624768e-7 nucleus 0
204.4009601759899 62.18936973083768 233.40038978945813 66.57992353500512 224.8524316950352 123.03851951726413 195.85300439306593 118.6479742868911 nucleus 0