369.9360119519406 27.743602439741522 372.9783778687124 60.399314430022756 317.8553026129521 65.53479821218231 314.8129701332073 32.87911652583661 nucleus 0
364.4046317597531 232.79888617492088 360.5417371628573 210.51373797284512 402.6674453877058 203.2119065969457 406.53040057077305 225.4969781168731 nucleus 0
411.42046884750016 243.47286453898764 414.26022800427745 273.9516038168706 362.2034166770027 278.8013817424078 359.3638251897937 248.3227985911756 nucleus 0
357.7242339382792 284.0123280080361 377.1029327683209 264.9852603306085 405.76459355645056 294.1748723047747 386.38597781871795 313.20185618766516 nucleus 0
327.78292585317104 308.3594930328494 325.5517760985822 284.4119433018555 361.65432670102746 281.04851743507413 363.88556143283495 304.99597247943495 nucleus 0
238.88846846406523 90.45921862420057 234.62922463877476 44.74121132674235 295.69684933252574 39.0519523415911 299.9561527456535 84.76989107966975 nucleus 0
231.2302087801072 92.79595893714858 194.898876561856 113.21107435826347 167.7235005307739 64.84912932114221 204.05474132050585 44.43404567580248 nucleus 0
107.66187693479878 75.41524473694327 143.51740325371793 73.1128542802592 146.9324622361455 126.29581504629189 111.07693645477411 128.59820091589444 nucleus 0
141.2474377680337 142.95915648977336 144.1963418744126 114.53452008401368 193.4746092518617 119.64679748825372 190.5257802403503 148.07136418389175 nucleus 0
199.72407536639366 128.9635261289786 227.3052502644714 127.19246573666814 229.11727541752043 155.41119485399838 201.53610071625735 157.18225260190286 nucleus 0
318.52422532829223 156.01373631755595 295.44106509856647 131.28925056386765 334.4780501506466 94.84420323623011 357.56115618038166 119.56862546587283 nucleus 0
283.8727771903359 149.95057496844717 285.9010753716575 171.7210741664184 244.60573865304468 175.56830213721767 242.577499703184 153.79785854024558 nucleus 0
235.68860876090184 171.48813965835706 274.30225447293196 169.00867572409408 276.12447678126046 197.38615901784743 237.51083155897504 199.8656181025447 nucleus 0