123.33276822893822 556.3711366413322 115.52276093221735 526.4617589282142 163.02288627179223 514.0609592932192 170.8330807400489 543.9700451515379 nucleus 0
421.7730053919513 373.9110605174955 461.96637872948486 363.8657405472532 469.46270881337114 393.8569093150435 429.2693515752035 403.9021848996185 nucleus 0
511.48379878555716 266.18532114922294 528.9373866803362 273.5078181522738 513.2154430366063 310.9796650972371 495.7618734065909 303.6572000268926 nucleus 0
546.9266014226014 273.1709003172853 558.6823889330844 287.69551376317975 526.9273836698994 313.39533640402925 515.1716658733494 298.8707877196577 nucleus 0
281.30229034781223 453.36330029678675 288.5914423979557 481.27877733554294 258.5878395634063 489.11171192429447 251.2988639811374 461.19638676282443 nucleus 0
277.6324714531802 479.8800661633263 270.3434671575087 451.96460809324356 297.862315972161 444.7803127761702 305.1514076285821 472.69563377786403 nucleus 0
300.9586921943992 619.2164323181873 282.9870211684465 597.0161708884544 317.05769362684805 569.442476667755 335.02924831584096 591.6425229462923 nucleus 0
316.58466657361714 582.5945322880422 310.3365044538077 558.6670501978933 352.992987744874 547.5307700936272 359.24129159706354 571.4580300798922 nucleus 0
318.6381307634292 537.3308958605741 310.82827856502263 507.42147278788775 358.3911476362846 495.0044069035398 366.2011802637426 524.9135466680898 nucleus 0
379.62539014508366 450.8846057919487 417.30678259911656 441.46753036095765 425.30287801113445 473.4581025998427 387.62150470982306 482.87512476130007 nucleus 0
396.7098929151689 413.45076753247383 409.9551555787184 383.86587820023095 436.52171878035006 395.75843701666986 423.27660864997597 425.34319684647596 nucleus 0