453.45615174061095 418.2357538050848 489.0797984576784 440.88937765198324 457.8177664098621 490.0423808099108 422.19429509226757 467.38898050669593 nucleus 0
338.4108177697635 56.227002273948344 345.3217708482407 97.114251886554 293.0890966254083 105.94273792770298 286.17821662526694 65.05555243537684 nucleus 0
317.31195712935005 621.7447102791185 293.11047480914567 645.2214632879738 248.115381459138 598.8499384650254 272.3164912070206 575.3735320733282 nucleus 0
73.08903785633447 254.79006686728027 75.13183397371904 283.92056222915863 43.299542492604814 286.152605704984 41.25684588238073 257.0222042794543 nucleus 0
640.0001748055365 285.93828999999994 607.0188203590806 285.93828999999994 607.0189985380421 226.27369900000002 639.9999791052687 226.27369900000002 nucleus 0
607.3884779999935 -0.0000012349704051146624 607.3884799767256 19.734680312838325 566.9777679192339 19.73467937122133 566.9777690128831 3.373334660601051e-8 nucleus 0
532.1050608598307 64.87628050647173 553.4782890674978 78.46982150209031 534.6606129790598 108.05682508225493 513.2873965428735 94.46329923006438 nucleus 0
505.89364997664234 80.73484615462502 503.1082727417379 41.01150167877465 534.6657563504414 38.79871522939835 537.451158827389 78.5220332298885 nucleus 0
443.28793492299155 31.899893202862245 441.80239433473616 10.71411471477844 475.31716626945126 8.364068407338678 476.80271173623623 29.549841137089217 nucleus 0
443.28793492299155 31.899893202862245 441.80239433473616 10.71411471477844 475.31716626945126 8.364068407338678 476.80271173623623 29.549841137089217 nucleus 0
514.9911022013112 559.5015729670401 552.4573557887197 554.9150770789886 557.0201965512388 592.1791107567107 519.5539499215374 596.7655697784212 nucleus 0
447.8872085134208 499.955721564248 451.4165826729004 550.2722250865306 404.509425079159 553.5613112485157 400.98054367437726 503.24527129167933 nucleus 0