0.7497910942038288 82.76050739550855 -2.726247146638343 51.7602168866532 40.46728017965506 46.916972559853804 43.94334705946676 77.91722886142024 nucleus 0
554.6230190805363 67.07272333849785 588.4816354275245 61.36405513169326 595.6705031578895 104.00167111161048 561.8118889331527 109.71033145863055 nucleus 0
545.4075433154503 88.20404815493626 530.8607304771431 71.79076589896415 563.6806123769929 42.70317054362678 578.2274120156944 59.11643473904002 nucleus 0
506.46647557849064 99.18584572011169 558.5566565162299 90.40332131570923 563.8813673805998 121.98455622927497 511.7911889486277 130.76706917482102 nucleus 0
435.43333161818737 154.4827767892664 487.5235329127463 145.70034145107107 492.56303572859906 175.58997890876114 440.472838251153 184.37239789541195 nucleus 0
419.61973055840645 150.23385091295853 431.50106028595474 130.83940442206742 451.8372648819786 143.29748396309995 439.95596401138755 162.69190526627563 nucleus 0
380.59803009316965 163.49564281566668 392.81278879236197 138.1494375842911 428.24653859810496 155.2252489885979 416.03184953462915 180.57139477482445 nucleus 0
401.6199676623364 247.79420536753892 370.3528143448784 218.45118196793325 418.1148778081115 167.5589933502589 449.3818469764665 196.90185827501577 nucleus 0
330.8071732811368 242.75091928322072 334.1636583955551 272.6823156745111 257.92697551449237 281.23063667509393 254.57073519544792 251.29946590193458 nucleus 0
172.50428933664807 334.02447745422984 153.7436478784366 316.41902162365403 183.74742237312603 284.44892709611815 202.50796019397967 302.0542935885394 nucleus 0
191.00156519074517 256.2624268677349 194.59773105932982 288.3317845061371 136.7629624629626 294.8165952673408 133.16700594972644 262.7474305942793 nucleus 0
107.1097391328658 295.97668324963877 110.46627385272586 325.90812030649835 43.79708362015663 333.3835557219626 40.44080647690862 303.4523561132866 nucleus 0
55.48898259708949 325.578073723517 57.88652698844089 346.95761872189007 15.351000676455442 351.7270451378084 12.953582185946289 330.3476150167627 nucleus 0
625.6544177932665 546.0551020462266 640.2469768581068 582.5559206407186 604.2992078379029 596.9235288687221 589.7070023768174 560.423009609646 nucleus 0
564.6032415937225 555.2046183799899 593.2530339804362 550.3753312833201 599.6524295726704 588.3307782385559 571.0026470082812 593.1600258240952 nucleus 0
554.9931638233102 405.1840014213363 575.0051140475261 423.9625237928259 545.8938869529811 454.981480451557 525.882060898075 436.20308564129664 nucleus 0
500.7150538568385 433.6880096880578 497.3585508956603 403.7566372608119 541.8119158260379 398.77220817040006 545.168598901073 428.70337423706366 nucleus 0
203.87258348120668 433.29100699087223 240.33585623350518 427.14405631054046 245.66058606957085 458.7254250535645 209.19732162838045 464.87234306358016 nucleus 0
195.54095223371405 489.9365235758104 171.77644680792582 467.63734630329566 199.91644625668414 437.65313104446136 223.68076827231562 459.9521505013815 nucleus 0
122.76625606798916 498.05067879749 161.54994584037922 488.2234698847557 169.7259906159161 520.4846909285803 130.94232307150378 530.311838061564 nucleus 0
334.1632469613978 21.41413899591352 333.64729130247724 29.46558100753881 291.49135248808307 26.764118225405177 292.00731100005214 18.71267899998754 nucleus 0
255.64658283394238 75.44409306063426 240.3830158643541 47.891529052149586 281.08872388773307 25.341429797173976 296.35229204635834 52.89396913037883 nucleus 0
287.6382490339165 74.9882521122756 296.51151171587117 94.25624777514764 258.20473885825777 111.89705477059705 249.3315094280115 92.62908746774465 nucleus 0
120.84166248321708 148.46171728702257 98.32958438375499 127.3345356345712 125.57705922190507 98.30135640954852 148.08909267281706 119.42849933203058 nucleus 0
114.02175307106518 186.3397284509682 173.92549868804053 176.24001386571462 180.68312090050313 216.31992845152564 120.77938254078617 226.4196123741763 nucleus 0
75.33506347412185 202.12221903940372 79.17092487834452 236.32950311238147 28.393312511689146 242.02310710773867 24.557609326948295 207.8159686173585 nucleus 0
0 220.133562 30.296111 220.133562 30.296111 262.184851 0 262.184851 nucleus 0