4.845087943249382 416.38571968699404 54.09152691645431 415.8127691157182 54.58391752355965 458.12905002205775 5.33747861678421 458.7019966616664 nucleus 0
400.4173644915136 301.6806816018022 442.59450940553506 310.08141768969887 422.8410374683881 409.2477403621708 380.66392499509675 400.8471168261974 nucleus 0
423.3037539929501 483.9749674566681 379.01725572766736 475.1546788332181 390.3001454407058 418.5143924638827 434.5857977833657 427.3345935662167 nucleus 0
336.5100106619502 580.3501650129654 368.118980666477 574.829117562276 376.8752150000364 624.9469569999995 345.2662611407868 630.4679416552658 nucleus 0
598.485530955586 59.37431447539766 603.7833707247773 28.462681500420555 645.2978126167727 35.5776936255356 640 66.4893009999677 nucleus 0
120.3494715870329 132.37606567548212 112.51789740199456 178.07153209463354 56.6712889936025 168.50021116638726 64.50297756637156 122.80489148098275 nucleus 0
85.29711782422964 166.24198251648377 121.5152030812169 163.99190301714864 124.92883237580827 218.937489987694 88.71074785056408 221.1875605844999 nucleus 0
107.55053093111201 284.632139731767 133.58185807555856 306.3165666231068 92.77717827171728 355.2971623565756 66.74600151331106 333.6128996315892 nucleus 0
196.93230574506742 198.0727500310864 189.56130705155374 241.0802635747258 140.36429660663998 232.64856337618326 147.7354297160491 189.64121902321554 nucleus 0
215.14769685200008 263.16323332588877 284.7399281635444 277.024715865944 268.43493269239843 358.87902842236093 198.84273974748794 345.01767959891015 nucleus 0
302.9771037053433 460.6444438711103 262.90833976643626 452.6640612113214 275.80135476477153 387.9403322209609 315.8693018042686 395.92063070379425 nucleus 0
212.4349678431463 599.1662690730942 219.34718940436142 558.8469337308229 255.317296180001 565.0120315817709 248.4054338309943 605.331048707379 nucleus 0
343.83726693879 112.82988443725337 339.71647778154875 59.404520627986344 383.51622099587985 56.026197695796355 387.63707740181417 109.4514865381481 nucleus 0