506.42939870122063 383.9419206810254 542.6974694673845 383.3046728450074 543.9907208307704 456.8990500610523 507.7226502451231 457.53629058674227 nucleus 0
640.0002032377961 345.00461 607.6514217259682 345.00461 607.6516314555192 286.12570700000003 639.9999617560388 286.12570700000003 nucleus 0
640.0000544127397 264.135529 627.7740380189789 264.135529 627.7740825273213 220.588157 640 220.588157 nucleus 0
640.000242863025 248.72160600000004 599.6039289746841 248.72160600000004 599.6041427453747 176.270727 639.9999816844502 176.270727 nucleus 0
595.26656024158 95.87433404644287 620.8675503385894 95.42446075747671 622.1463988522737 168.19920207272355 596.5454087888793 168.64907375060233 nucleus 0
607.2134104347788 64.61651953700922 630.3040117794444 58.20167701803516 644.447118009266 109.11037425926514 621.3565211267269 115.52520574253826 nucleus 0
580.1565697504702 69.4064213297413 582.6098401730997 47.15408280947648 613.2154143456864 50.5282691852116 610.7621608384216 72.78059195505979 nucleus 0
627.9374507880129 640.0000331381175 627.9376311213855 595.2707691191367 640.0000565243681 595.2708596147362 640 640.0000000000032 nucleus 0
640.0002930356277 560.90642 613.4751856537332 560.90642 613.4754669044924 504.061887 639.9999776534241 504.061887 nucleus 0
592.3958053001843 418.2807414501367 609.4631343490619 417.9808668037552 610.7419820713403 490.75558825532374 593.6746531281096 491.0554592149552 nucleus 0
609.7958680889133 436.9155477492868 633.2634444988798 436.5032265640598 634.4345770333166 503.1485317725006 610.9670007781824 503.5608481449469 nucleus 0
600.1233204050368 372.25542014321655 629.9911442189477 371.73062776862486 631.0511188534292 432.05058791871187 601.183295174269 432.57537554710717 nucleus 0
640.0001252185757 407.221495 625.5969470353011 407.221495 625.5970559796697 348.366689 639.9999987959745 348.366689 nucleus 0