96.71993399999337 635.8420110000045 96.39699022001878 626.5933286431238 130.53764481046528 625.40140960724 130.86065994459204 634.6500184701184 nucleus 0
92.63820861538989 606.8239536420501 108.70996937985183 617.1060917770623 90.80508715538599 645.084632605388 74.73338884905388 634.802573756888 nucleus 0
131.3162422786263 630.2981839352041 104.54019674332812 620.9558081688645 124.13765285840782 564.804164644516 150.91304933484935 574.1464163921851 nucleus 0
149.1741640431428 488.7457956576961 178.73059696386917 486.13817893028164 183.40661944770545 539.1291671672877 153.8501901156269 541.7367573916205 nucleus 0
143.5383761828416 476.5109411674154 159.57474635986728 491.67437514145155 143.18460662565485 509.0048718810223 127.14830088334566 493.8415040197876 nucleus 0
172.20623979519587 463.8480085945915 149.52722623718728 482.42361514618494 126.36298333192826 454.146573652152 149.04182056816353 435.5710820814199 nucleus 0
199.38594715182262 407.5707554712578 232.8673995162535 428.9941073746098 193.65851179951278 490.26238656631926 160.17726269332343 468.83929389052196 nucleus 0
207.8194708252704 285.3436801475183 237.37587843002984 282.73575874926627 244.04736998389126 358.340418977844 214.49096552532865 360.9483166565825 nucleus 0
250.77870905355667 170.93030882521418 270.8668455174484 183.78533401427543 246.2084669547039 222.31706417296488 226.12036406899279 209.4620819558781 nucleus 0
195.21131887864613 166.5736369383322 226.87888577645936 163.77930116048756 231.96181837905897 221.38151480102096 200.29425305438053 224.17583887105604 nucleus 0
216.12718867705553 66.04738759241032 245.68357730888238 63.439281712089155 251.4148369317263 128.38845424255757 221.85844917039503 130.99655392980011 nucleus 0
261.2882796154736 71.50147007485461 240.1765543307556 73.36441004102363 236.49137784275808 31.60213105261019 257.60306788244634 29.739192694323677 nucleus 0
605.0535416795901 513.1370881483108 599.410862182558 551.3196864654533 562.3144802414026 545.838392574889 567.9573908486054 507.6560746725045 nucleus 0
560.4372924545896 515.046961444284 556.0060485541908 486.83301838950655 594.824126348467 480.7373697809837 599.2555354753858 508.9511081270396 nucleus 0
434.90362919408653 538.0411028704399 413.4750965224521 524.3307078986104 437.37438244868827 486.9851865963093 458.8026446512231 500.6954660534416 nucleus 0
400.50049145604135 467.6766485927137 430.05691676247807 465.06898956988215 434.04670006406377 510.28323882889373 404.4902776039089 512.8908763549978 nucleus 0
385.8041572739603 172.3131115343442 411.24912273997325 188.59614670720615 390.33030929771485 221.28432123533997 364.88538024626905 205.0013323335713 nucleus 0
398.73701290889585 140.30516989964363 424.18192085882765 156.58828362969697 400.9851513709873 192.83608358284172 375.54027709360525 176.55301309590698 nucleus 0
447.66372885402234 82.22911666271004 450.6010175323172 121.84510834519739 416.9283340961556 124.34166757683684 413.9911004303576 84.72572776340354 nucleus 0
0 398.40748599999995 7.338014 398.40748599999995 7.338014 441.866529 0 441.866529 nucleus 0
11.431868714862503 336.8064760781596 39.916245469721616 345.28297620115006 26.35864080315514 390.83743892114546 -2.1257122134556994 382.36099343871194 nucleus 0
58.64427086744399 376.7747370120696 41.23415905807633 365.63424230038714 63.96589200026938 330.1130971999933 81.37585941170983 341.2535302221004 nucleus 0
59.501123339359765 177.8071639115409 83.6069009212224 193.23316471817944 61.16945836576633 228.29442491083483 37.06371885695262 212.86847252821858 nucleus 0
155.8180605108646 234.99288308601112 117.42366597478394 232.234707880474 121.96701110959111 168.9949653201307 160.3610447760002 171.75312759417398 nucleus 0
121.66804644351942 80.59003610154045 155.4467777397076 77.60935279425502 159.83083983010147 127.29159163177616 126.05210931295005 130.2722692047205 nucleus 0
147.30970870739839 84.84056158209533 119.18654311957653 66.84321974265993 155.70874432298297 9.77272855055301 183.8318630359572 27.77005088425861 nucleus 0