0 387.58147899999994 16.679998 387.58147899999994 16.679998 432.58671100000004 0 432.58671100000004 nucleus 0
159.66282877030608 639.999978629806 159.66298206963984 625.780814204134 194.5993953949801 625.7811299026345 194.5993589995487 640.0001770812793 nucleus 0
263.73439740818867 485.1871179136976 282.5845905397 512.6425787275742 224.70786699588643 552.3707408448261 205.85808947762416 524.9156502310922 nucleus 0
327.1700753872574 483.2248680093867 327.4914724874543 510.81871247811597 274.52585942141013 511.43512438022947 274.2047359309072 483.8415507388905 nucleus 0
335.5321998200088 455.5302060791173 335.82140399979835 480.36459651361395 300.44689279646263 480.7762867768072 300.1578433057148 455.9420491468576 nucleus 0
317.22845122574654 425.45667325791237 345.91519816807704 424.9561182261578 346.589995693721 463.62311203379824 317.90324883499125 464.1236638611273 nucleus 0
345.72437911410816 414.0219502621531 374.41112915570557 413.52139201914105 374.9914112201077 446.77258157244296 346.3046612487233 447.2731371495844 nucleus 0
329.87481796968495 521.8299718584536 329.55374600351206 494.236132502734 382.51911427098094 493.619850786397 382.8404589358979 521.2134136676879 nucleus 0
402.6029722745443 471.86726068895433 393.7428077702498 501.4666111287596 346.93166147364536 487.4563903788162 355.7919742369995 457.8572952766898 nucleus 0
382.48062412138097 496.4633276369849 428.82075643698045 495.65478018443406 429.5441523676709 537.1065874090673 383.2040201924974 537.9151284249406 nucleus 0
468.68605413503246 586.6678594304749 490.2794094872661 620.199607881216 460.4192444591172 639.4229064380745 438.82619707619597 605.891429020284 nucleus 0
0 575.344486000027 -0.4172383726836415 539.4725590727442 41.23664759667008 538.9881035936917 41.654191644411185 574.8597233960895 nucleus 0
459.7224519270094 495.58999553912497 497.2358909535251 494.9354563358481 497.8128172837751 527.9943621794478 460.29937835694 528.6488972660469 nucleus 0
546.3749047019519 516.5502526792957 546.9533905370918 566.2191890967689 496.14648245522403 566.8103129144184 495.5685112607898 517.1418871627249 nucleus 0
551.6399123409792 585.4828435874126 551.1261670077511 541.3326222712631 597.502859150627 540.7931138095817 598.0170283434563 584.9429046296423 nucleus 0
627.7732659714093 501.8042211773252 628.2875297827559 545.9544083234205 568.6049168987665 546.6487601438234 568.0911718068819 502.4990808970118 nucleus 0
582.545871254988 576.927110901642 622.265985037011 576.2341165647186 623.1333910823741 625.9378242386014 583.4132774845784 626.6308108667421 nucleus 0
630.5196739106032 558.024672295114 627.3311446874868 557.9690280281106 628.0247300207702 518.23545516885 631.2132089999795 518.2910989999998 nucleus 0
53.88387260281888 502.9638542938529 54.3981143063138 547.1140213431627 3.5110508070647484 547.7061444169955 2.997253064313554 503.5564167893577 nucleus 0
51.20538446288265 486.5201412708057 90.92549639826757 485.82709872209824 91.88830894076091 540.9979064896102 52.168197225619224 541.6909417297044 nucleus 0
102.04128689714707 461.7634101608452 123.90047999790113 478.70511824593063 101.35825096185727 507.7852688276614 79.499157171158 490.8436730800125 nucleus 0
154.28168064827332 515.505219963356 109.2011136324436 552.68796155485 87.53173611417878 526.420865082969 132.61192960570042 489.2383705588921 nucleus 0
115.38850109296618 505.0080759805728 114.87489190476481 460.8580045680709 181.09760283463402 460.08763005587093 181.61173015316308 504.2371764108802 nucleus 0
182.28620857815258 485.20274353434945 217.80762904978474 512.7327048801005 195.74265470073442 541.1970119907402 160.2214004866255 513.6672391819857 nucleus 0
73.73841422966507 639.9999999128813 73.73904687039612 607.082420891952 135.2908597233909 607.0833459622431 135.29069681389956 640.0004571717567 nucleus 0