65.09409687459993 604.0430117002555 93.37373650239897 598.469852896055 101.56051199999638 640.0000000000047 73.28088815163937 645.5731043563923 nucleus 0
440.1808809999784 639.9999999999643 440.1812454229366 617.7570364105359 484.075229095979 617.7575827375445 484.0750928754278 640.0003195989468 nucleus 0
436.87114590131387 486.17022688998105 472.83238803138374 488.4091721240373 468.1312742625596 563.9019922844964 432.1700352446351 561.6630801473694 nucleus 0
499.31707432879193 509.24012546639204 463.4005581533711 489.6620173763863 493.5165264755051 434.4234294576804 529.4324029724521 454.0013224258704 nucleus 0
625.268467257556 611.6030503544403 627.7535533306218 637.7758706091718 584.2005625969614 641.909572899867 581.7157649039291 615.7370183425069 nucleus 0
549.0611333280685 569.7621542221079 584.6724354585604 562.7439383611106 596.134484364884 620.8888691023183 560.5232083901501 627.9069926827206 nucleus 0
535.4849513388035 414.15218908048803 560.4708570562798 375.594630102784 623.5942930741294 416.4945604688637 598.6088971005665 455.05166967388305 nucleus 0
598.8668047035753 369.4827309390073 596.2517364784435 341.9323889298913 637.1158029843355 338.053898877078 639.7310035841656 365.60409275487063 nucleus 0
370.55231178754184 282.42120071733444 433.3953095242032 270.0338072917923 447.6713696552906 342.4534494346944 384.82840380384005 354.840736533871 nucleus 0
171.54459457196936 233.30907195574707 221.81893841458077 223.39893629477984 235.30921815945476 291.8322032650844 185.034892737458 301.74227146592835 nucleus 0
198.36775271280203 230.916315025618 170.96156198989775 198.26336990004765 207.98113821692823 167.1931843708147 235.38725520455046 199.84601085647807 nucleus 0
197.25615027200547 639.999999810213 197.2562006181397 631.7810803154163 216.4819076648564 631.7811833086001 216.48189469364297 640.0000653461358 nucleus 0
280.75989615572325 180.17837830466203 333.1289640394243 169.8551449615096 342.6459044987132 218.1326585189404 290.27684745247825 228.45585441105837 nucleus 0
308.04172609292436 146.81850378350018 322.13630899379496 163.6115425931996 276.6726992477197 201.7687000180714 262.5781846184691 184.97572555924347 nucleus 0
411.2734819819889 137.10180140407235 415.98051595246943 186.6923938800195 344.5814316379983 193.46905110189442 339.8746353448223 143.8786820417649 nucleus 0
570.4617459039582 88.63457423060672 567.323838467637 55.5742640346173 597.6075528981164 52.69990783097327 600.7454837165278 85.76019144206401 nucleus 0
250.57649746522657 522.0737496659062 247.9611951410334 494.52337642596785 291.51414017323987 490.38972488457614 294.12964493101754 517.9398699558844 nucleus 0
274.644533194587 477.91740290149727 248.31740474619437 494.00754836857413 213.85490841661522 437.6275716367919 240.18158190287068 421.5376073793648 nucleus 0
291.39359058819537 499.06172073604245 316.53090043946577 494.10734219877486 324.9311820625735 536.7200449036848 299.7938842763688 541.6743820002139 nucleus 0
301.60230795430834 483.9787999075025 290.01458018996345 501.8603639881806 261.06411992041103 483.1028718092749 272.65182961134997 465.2214190426107 nucleus 0
255.69924310737406 417.34476177133865 289.2155961811659 410.7385969477286 299.6018862703204 463.42611339851663 266.0855503390485 470.0322201976129 nucleus 0
324.1919524277182 477.7740394797637 359.80315030719794 470.7552913432587 368.5341827353841 515.0462705605062 332.9230013699271 522.0649602576431 nucleus 0
375.63594744620787 639.9999994260891 375.6364287424367 605.1437663071167 414.9281746950146 605.1442642540065 414.92800999913015 640.0001817165946 nucleus 0