640.000131895722 445.14685299999996 622.7080669628776 445.14685299999996 622.708212422076 392.39678200000003 639.9999973332888 392.39678200000003 nucleus 0
429.3292890000157 615.5951129999837 428.22771128492604 598.4065495722714 468.1328526784637 595.8496782486355 469.2345745151397 613.0380873961003 nucleus 0
435.18493050745747 498.87940436477044 414.9883007203607 522.3425169410181 364.6616452433227 479.0295905971146 384.85808528013877 455.56676185102435 nucleus 0
322.7826811995328 472.46443439989844 326.0720234643668 446.85298461331786 375.5401777613588 453.20522445564245 372.2510782480822 478.816454026869 nucleus 0
317.8619907803659 443.1955462954803 320.8222921932611 420.14529145759667 353.753649781429 424.37400349817415 350.7934845822456 447.42413486437493 nucleus 0
313.73607689369237 390.67966931980425 340.504571223064 393.8150969730987 336.2821442008135 429.8593361179238 309.5136528678995 426.72392581851045 nucleus 0
288.1881598925247 377.12497297500124 314.9566529432195 380.26042725233185 311.35389033814135 411.0149902181289 284.58539975799795 407.8795501841308 nucleus 0
322.92746817707666 456.86270997881286 319.6383871571743 482.4741618651601 270.17001712905767 476.12205759186025 273.4592856520612 450.5108279950374 nucleus 0
261.7330971221236 456.6277823815986 256.66955291431805 428.0119758300912 301.73508432104427 420.0387192598067 306.79879456678464 448.6543132738506 nucleus 0
273.3294566762197 453.0973842435009 268.3958610731497 491.51451926485555 225.09676134453912 485.95458129171794 230.03060484181333 447.537738175742 nucleus 0
160.91514098741754 556.5940977379322 184.27828922656772 527.802677836297 210.3741415192053 548.9738293718113 187.0112072590564 577.7650506115002 nucleus 0
583.509135352142 563.2173231819118 587.7856397954747 529.922479511434 640.3526440644055 536.6728656355881 636.0765391631867 569.967344810374 nucleus 0
201.35421262813907 443.85533029053283 197.40735259940266 474.5890328513889 162.2486740488239 470.07442736232565 166.19569096845225 439.3409099404405 nucleus 0
118.42003124853363 454.3002164131289 165.779703933149 459.84727295995026 160.36348881993035 506.0820601823939 113.00382430803438 500.53504971368767 nucleus 0
111.93268148876086 476.63011537468515 106.67017359177407 517.6085174219438 63.28562631853856 512.0377013996526 68.5484129480028 471.05962850951244 nucleus 0
99.63060268797562 438.60338919220004 94.36816367255233 479.5817962739577 38.7018960784917 472.43382711334664 43.96466492471518 431.45581039896115 nucleus 0
41.89661569056625 501.7018279815968 78.96072355331853 506.0428690904149 73.54985289151955 552.2318970019662 36.48575205479574 547.8908953906292 nucleus 0
33.37985700003628 440.51006899999953 40.79850692600303 439.94800827654495 44.006142543657916 482.27911410146805 36.58749309448467 482.84117073538414 nucleus 0
574.1181511250761 535.9778990599793 579.3812846564833 494.99958552807277 626.5936722917104 501.0621986705607 621.330953666984 542.0401364717563 nucleus 0
545.9596148699347 475.28548928091686 583.0237209906045 479.6265827636054 576.9958862182102 531.0825162785297 539.9317875201814 526.741464913491 nucleus 0
515.9533089942852 464.82485083216886 537.8123956955096 451.2582694158328 556.1231368690642 480.7566062300884 534.2641138444014 494.32310496937885 nucleus 0
522.7552550238033 535.2444530603881 484.1471168330463 495.70166541059325 506.7951246166922 473.59337903735627 545.4030403280922 513.1359311873048 nucleus 0
464.3203982175328 441.62760506911974 526.0938747351611 448.86299544260794 521.2758665243018 489.99108277968355 459.50239914389385 482.7557442705695 nucleus 0
478.697338688944 493.22151355797877 443.1761296060722 515.2671536826986 425.2409018373146 486.3737735180623 460.76177538030606 464.3282703495799 nucleus 0
492.50315615310683 611.546702661969 490.8706982460717 586.0737105319711 541.6497562774748 582.8202631866924 543.2824815902859 608.2929657688637 nucleus 0