248.6713713719655 75.14362355093694 244.95327619595628 44.90850170193081 295.35600402072305 38.710346686149215 299.07412680819107 68.94543495563916 nucleus 0
249.37222809778177 231.81406441483938 248.47686817993235 210.80803063201637 287.55920162584516 209.14221557496523 288.4546258384944 230.14818214012277 nucleus 0
251.49938922819274 277.36526439007895 248.02903195166436 249.1457782603685 295.74143257632386 243.27848491700593 299.21190206056053 271.49783928278254 nucleus 0
283.8466788207734 307.393987634517 262.7733439351141 294.1242597577186 282.98049607648863 262.03586237516834 304.0537024389778 275.3055366407251 nucleus 0
332.7834317750967 269.4155950544457 335.5102458439069 291.5880307287686 302.5989251401188 295.6351975403658 299.87219610055035 273.46283918815936 nucleus 0
369.2984270489251 33.70968154951476 374.50382598231954 76.03885035269455 318.8235615284066 82.88601123521543 313.6182192413253 40.55689380235027 nucleus 0
397.11771014961414 27.369986071004256 433.55224780971184 38.709193895454355 418.20643590144755 88.01742096454049 381.7719026445411 76.6782255819139 nucleus 0
456.8035481188417 41.42969882668007 489.46480852537206 36.846515224800754 496.29909440744086 85.54974945135024 463.6378350957966 90.13292776120628 nucleus 0
428.806631836851 118.80983536707397 420.4665256111184 93.68519283247204 463.6599161835329 79.34727712619964 472.00004355283454 104.47187610950789 nucleus 0
391.7026730879297 106.94566846167204 416.8267224771989 103.42016863975219 420.48402713051473 129.48325813524758 395.35997865088575 133.00875386989298 nucleus 0
331.46035122830654 124.36462056659246 315.1297483369126 151.24066479745835 273.2270465401234 125.77969908655245 289.55764544574777 98.90371581186292 nucleus 0
347.59803895103687 159.14760301480354 345.1192691193137 138.99084942315574 382.895521770115 134.34539197561406 385.3743273746659 154.50210265952006 nucleus 0
357.3413824143063 154.184014727455 392.515057572964 149.2483677488104 396.1843832687737 175.39716219567052 361.01070994336624 180.3328011607836 nucleus 0