79.26844272427843 470.80631881504485 63.96679053279513 505.3389106569696 26.007761317232507 488.5216277134669 41.30948765836365 453.9892914074253 nucleus 0
93.49638834086363 437.36775696784696 103.4228088476084 473.5727477828109 60.845560821398976 485.2441288559878 50.919460500081186 449.03941316178083 nucleus 0
54.614901594177354 425.7567217230888 39.31363182236964 460.289549378341 -3.5370494945527753 441.3051315276288 11.764295208777185 406.77256659099737 nucleus 0
0 371.468452 18.925888 371.468452 18.925888 409.246583 0 409.246583 nucleus 0
120.49576199999137 632.8256230000057 119.95443213672843 621.2025347867032 163.00567863923789 619.1978747726022 163.5471193196281 630.8208467948544 nucleus 0
159.8954554640659 630.9905455540595 158.76187399255286 606.6504530104412 206.1448126482719 604.4441455647093 207.27864600208704 628.7839746588373 nucleus 0
158.0162609094259 555.8346955906337 193.04959467081062 584.4032639394292 160.0161228288198 624.9011343329321 124.98309003516624 596.3328950955262 nucleus 0
124.10523857681255 580.5831263223341 116.26827276726544 552.0003497201832 162.20126519256155 539.4090759248136 170.03840579389362 567.991568577495 nucleus 0
80.70850050651643 565.0104194070436 113.80084789445391 559.0420147215261 119.74679000268225 592.0017845502989 86.65445411548717 597.9701462423858 nucleus 0
107.77115050725115 552.2811133640796 100.45675277164264 525.6038759514653 136.8824157328345 515.6187047694028 144.1969371880259 542.2957428114815 nucleus 0
73.31270148424665 559.6209793891277 54.55100742030481 533.3519241863585 99.22351078457723 501.4529675142668 117.98511624205275 527.7217397804837 nucleus 0
125.76706328327418 471.54486031763884 134.64877438818803 503.93870981174274 97.08063654237776 514.2369762332193 88.19919516674418 481.8433580975402 nucleus 0