27.92366114714241 272.23255115391834 58.12507235095836 279.09579074657324 46.15489182469901 331.7666114998238 15.953494586210581 324.903413554184 nucleus 0
198.74781633545354 373.8600870072142 178.43532182378112 367.5883623539554 190.92982749549265 327.12607900585976 211.2421108052513 333.39776847866085 nucleus 0
226.82352192328835 328.73594469938104 255.01154620207672 335.14146609613306 243.85217132155958 384.2446561077847 215.66416134868632 377.83917756469833 nucleus 0
285.05039904426667 359.5937810141486 264.23642222056515 376.6987337102772 240.05822742692544 347.2803865277573 260.8720744097809 330.17551915055066 nucleus 0
265.5067958791187 298.2775887600915 287.654495620518 303.31060094154657 279.6873017690086 338.3675294364173 257.53960921072576 333.33453866830604 nucleus 0
49.75980267285195 194.78373671360083 92.0417125318636 204.3925325112569 78.57855787857261 263.63267202381894 36.29666443601309 254.02392591833433 nucleus 0
53.14339276825194 168.1885198306912 76.4500312852033 134.09687740950997 118.90756487344333 163.12230737041853 95.60104924057669 197.21384026800453 nucleus 0
88.08023272627906 111.7126834162171 92.59547337227559 77.17598952063467 144.43739743401238 83.95361756362814 139.92222903645597 118.49024588961613 nucleus 0
132.44659800519003 110.4568357851558 158.62107663560892 116.40527329066879 147.84361720441666 163.82791485636616 121.6691436774272 157.87949215405303 nucleus 0
129.6076086179528 195.50186146582752 133.08094862084545 168.93519979825174 159.31494301017665 172.3649638411732 155.84165611013304 198.93157753508493 nucleus 0
104.75525842739444 319.60194902753466 83.95565814360452 296.1773947798957 123.52221789340547 261.0469420444433 144.32171974156518 284.471362144366 nucleus 0
151.93217118343455 211.05632213622445 172.06641402328387 215.63192769008307 163.1209489061439 254.99351238394854 142.98671131087758 250.41792282064367 nucleus 0
163.49736718955683 243.1656167216065 168.36011691768363 205.9722848843762 195.09215963575116 209.4671842816376 190.22950316510105 246.6604317927962 nucleus 0