588.7372770880029 254.35978623937402 582.6020018501004 226.5339378369977 613.4166569999798 219.73996299998262 619.5519866720861 247.5657320355537 nucleus 0
529.1486594760499 543.2700047346756 490.40947828805656 513.775869710361 539.2786510755104 449.60109076419144 578.0170605495368 479.0947857192623 nucleus 0
559.7333765018266 573.8624000038442 546.7529943143018 515.0003007719663 595.778429259226 504.19142133263233 608.7592284961283 563.0529324116956 nucleus 0
382.0278594317642 394.1514683402915 332.99272470438154 356.81485866206793 384.93359399872134 288.6063365962233 433.96800610717037 325.942533372133 nucleus 0
242.5789123060531 420.4610052037351 231.72360888253024 371.2306470263226 300.73896935296943 356.01434317976305 311.59462888230337 405.24419833929875 nucleus 0
153.06830707297195 508.6518965656205 161.20501079509268 458.6200132104599 213.58971478352032 467.13791409669636 205.45355227826803 517.1693151376702 nucleus 0
163.75867154580192 449.06166212789236 169.8947600754036 476.8874086593454 134.9895528826164 484.58321006776896 128.8536632181058 456.7576369654372 nucleus 0
95.40129527289537 466.37769585306444 90.20944490308466 442.8328367552063 126.9142885223846 434.740262507569 132.10624381201342 458.28497361077956 nucleus 0
220.7770039634488 421.9881354248214 213.86039231772884 456.0635118149627 146.66574876879167 442.4257242465373 153.58263714821078 408.3507219893505 nucleus 0
121.32024401667877 378.9582344849145 121.22235764698416 412.9573415220835 65.11490848373796 412.7954492380362 65.213074778585 378.79662284563153 nucleus 0
84.97715808844077 342.9388492983458 124.53707548156672 337.98793895763026 129.76411663388717 379.75035513571004 90.20420432127139 384.70123749316315 nucleus 0
509.4425929783756 262.86472628147726 502.83543188015756 232.8984076747501 572.4592329762527 217.54784934766144 579.0665291447658 247.51397685551552 nucleus 0
0 329.95341699999994 39.612845 329.95341699999994 39.612845 368.037894 0 368.037894 nucleus 0
115.14771038040635 625.8725674123216 103.81907229224453 574.5019281447334 187.80453880302957 555.9853475852226 199.13386508058466 607.355012963586 nucleus 0
-0.53133455432544 542.5637212573156 31.964457246795064 538.4975229447459 40.023643377644476 602.8888874674516 7.5278617771255085 606.955029789937 nucleus 0
382.3747551662382 593.8880305863721 386.38728157900914 612.0817094530486 354.87067499998375 619.0304509999735 350.85830079340667 600.8369044971203 nucleus 0
238.73843357279839 631.7512367238842 238.42860124459548 621.1025532601844 267.0795294138952 620.2691259206758 267.3894306609873 630.9177381584825 nucleus 0
605.0750721327495 256.2789761011186 617.790752005094 254.68755112328282 621.8830306146265 287.38361946379325 609.167351741271 288.9750391424173 nucleus 0
540.8305017087696 318.7903644434555 530.447565003924 271.7004415767775 595.6770192136901 257.3187116029263 606.0601945742383 304.40829608999644 nucleus 0
496.28117298387224 399.147186240447 465.4895142200985 360.35329046815036 521.4304777543293 315.9559871283199 552.2219516076439 354.74951507659193 nucleus 0
496.28117298387224 399.147186240447 465.4895142200985 360.35329046815036 521.4304777543293 315.9559871283199 552.2219516076439 354.74951507659193 nucleus 0
549.0244490742771 398.8561030056121 560.286486842524 437.13048160375104 478.1899286113912 461.28278005112884 466.9285033019696 423.008924042225 nucleus 0
389.27973729834775 426.05942828342 414.14865480255685 377.44812212767266 478.92023871936544 410.58039884038755 454.0519697356649 459.1911493305668 nucleus 0
412.15618254405854 514.6065691124955 409.7034917844576 475.57543118490514 486.94023802891024 470.72249846488285 489.39344424732553 509.7530840412463 nucleus 0