610.2894207608188 639.9999989490958 610.2897728569951 605.9944106797304 639.7137169568305 605.994690415706 639.7135959998559 640.0000490380039 nucleus 0
507.81159569349256 355.6160125420023 542.7067189022637 353.58382288026496 546.8479994188965 424.6868879493241 511.9528779477696 426.71905663277846 nucleus 0
600.7458479132038 253.84749032081433 635.6409636080207 251.8151995258669 638.9714010088937 308.99673629638147 604.0762864051794 311.0290149009684 nucleus 0
640.000086702712 230.566311 618.9722723094746 230.566311 618.972347241579 181.702298 639.9999997612031 181.702298 nucleus 0
607.1944504268322 138.5839870484738 644.5594583803177 151.56501620249549 619.6685012373928 223.21025701984283 582.3035259207973 210.22929411747708 nucleus 0
581.768641743547 69.47053781792631 606.4004843562725 68.03590710681395 610.5061810055486 138.52802982248642 585.8743387995492 139.9626565626166 nucleus 0
629.6878803690197 79.57168681012962 607.5274873319722 86.69440336496713 591.8868652042875 38.03294076436898 614.0472106096422 30.910232619363413 nucleus 0
596.8880748700758 24.321314599480594 595.9978791583853 46.16847729770831 566.5845784259727 44.96998052637238 567.4747822061909 23.12282698632429 nucleus 0
640.0002370644506 519.098712 616.3238989286765 519.098712 616.3241191727866 464.64791799999995 639.9999863703852 464.64791799999995 nucleus 0
591.8241078084247 383.56538806266775 608.2453518288821 382.6090744861427 612.3510668348899 453.1011420752711 595.9298237178882 454.0574451366954 nucleus 0
609.2776802981098 400.3332130879978 631.8568802036316 399.01830657711315 635.6263612188195 463.73810335766444 613.0471625121572 465.05299616268024 nucleus 0
597.4122743702173 338.06126217274596 626.149432543607 336.3876752202929 629.5391844167898 394.58752319746054 600.8020273769944 396.2610968557476 nucleus 0
640.0000832376827 369.77651299999997 621.6069039948343 369.77651299999997 621.6070569605654 312.72634300000004 639.9999731082062 312.72634300000004 nucleus 0