497.38024282458355 247.56935269921527 514.8534197160188 212.97215711668673 580.0570450569649 245.9015260009914 562.5841389112611 280.4984900770039 nucleus 0
545.1168062783836 195.5618304087537 510.38048357120715 220.61153880238695 474.6013475304062 170.9978531582501 509.3374640221009 145.94825198083154 nucleus 0
505.68367343075806 39.09668827889114 538.7357297190465 70.65586077532942 485.0861559459008 126.84293460585161 452.03417548400466 95.28383810334643 nucleus 0
449.63948289056134 -4.597734153087157 474.9834455956443 3.646299626759895 461.85302769918053 44.01206407330853 436.5090660282294 35.768032865641544 nucleus 0
323.92835001301137 259.29931653291345 281.76387981024163 210.36155099099093 339.36598403066455 160.73371867106482 381.5302634234831 209.67119812955306 nucleus 0
240.63287237193435 375.0407807038545 230.74721032462548 429.01845191924565 163.04306178193656 416.61974793313453 172.9291428981378 362.64262249314027 nucleus 0
120.08665967492561 394.806362809386 128.736982911214 347.5760322460204 172.495078291322 355.5896274697582 163.84508761046163 402.8196643109105 nucleus 0
533.76768566588 520.8014700292501 542.6382621614175 523.686337925826 536.2157393982488 543.430588069161 527.3451683784515 540.545732023327 nucleus 0
219.08602930263442 240.92358377722059 208.7890292557131 297.15027982242157 162.38578832351777 288.6525354238566 172.6829890751833 232.4261047011956 nucleus 0
142.47664087248268 247.27111342652574 163.85636682563927 241.927440182669 178.8789960264694 302.02893231968784 157.49928233395622 307.3725717126557 nucleus 0
177.71027394432167 142.11670803576214 223.32951096701436 156.9556926059469 199.27717275146279 230.89754041505591 153.65797234058846 216.05863557711902 nucleus 0
440.78976069475175 393.08271552208487 466.13406203716295 401.32580448103647 451.5300424320594 446.2216815643535 426.1857693557977 437.9786534372565 nucleus 0
421.22072509089776 405.7952590641869 427.64149430862744 437.25633118467675 362.930945676635 450.46054755250555 356.5105546847917 418.9998065304709 nucleus 0
495.49019923448213 377.54718893667587 490.54739156337746 404.5359275264486 448.4586146070069 396.82830629971943 453.4015501361864 369.83973358111257 nucleus 0
438.1619224302267 381.8410550748582 450.8966724324273 398.69910582830414 422.68275640832144 420.00954745869706 409.9481041190302 403.1515856492648 nucleus 0
419.6019304827496 375.2723118247932 413.01146388177585 411.25734263884794 361.5494736533583 401.8331447754204 368.1401483926311 365.84838886704966 nucleus 0
494.1128067900718 326.15615831462526 487.1105822973914 364.390286491043 443.88529933850805 356.47446317747745 450.8876872707333 318.24054876755685 nucleus 0