470.877106094631 511.8466921457951 503.15482918929774 526.8850176219275 484.61595680164464 566.6675719102917 452.3383157326316 551.6293784418398 nucleus 0
452.83611772276345 546.9131678554946 426.2497517329757 527.6351633411988 455.9162927318539 486.73046227035024 482.5023063192202 506.0082822694204 nucleus 0
424.70098798090476 541.2946600125744 456.978882298863 556.332671163865 435.94403431241517 601.4713352463071 403.66623891241034 586.4334829764048 nucleus 0
371.6287122988433 617.2681434571954 363.9902848294878 590.8275305206625 402.2287775376026 579.7836789662607 409.86734366146266 606.2240585522783 nucleus 0
361.43881945296016 601.4822840754704 370.7464085810352 613.4791663394152 345.3536065415392 633.1740996901373 336.04611400725844 621.1773058743864 nucleus 0
632.281322756171 416.1346788520532 609.7999948726647 415.74230977085415 610.6369785073912 367.7992499198212 633.1179912080552 368.19161624417245 nucleus 0
627.6327019492601 414.8098399805547 598.724811564025 454.1666998887876 559.9837952775852 425.7146044106792 588.8915793123306 386.35803801348226 nucleus 0
542.4118275249202 421.17857217641483 572.376437591447 414.16028592808453 582.733237079301 458.3725385602358 552.7686446233565 465.390772668165 nucleus 0
565.6029741384555 501.3474336023678 556.5765456186637 470.0992344689624 590.8672483461851 460.1956154347226 599.8937950446998 491.44361597131393 nucleus 0
517.4012418804341 449.3449810849244 545.3682246257813 442.79467624463246 553.3676849179756 476.9436084792519 525.4007154174906 483.49387372948803 nucleus 0
505.851358963846 481.0000399695736 543.8066022896965 472.11054757175464 554.0198043200508 515.7097954084683 516.0645858284988 524.5992140546757 nucleus 0
485.98666277117445 453.76535635950495 514.05402260767 466.8426303534631 496.08547569172515 505.4013918175636 468.01817777704855 492.32421689896944 nucleus 0