25.787558087467914 392.852869542144 2.8953196688962635 367.7143509585095 44.41736366694386 329.90639986491766 67.30945166615129 355.04472712253187 nucleus 0
144.28048440997372 508.0780629673496 147.89656754895987 480.1588814460607 178.32719142163114 484.09953408501195 174.71128281897109 512.0185575615124 nucleus 0
131.30637435388053 409.7091141572557 171.08035826982814 417.15342266760763 161.2386700242496 469.72886335746466 121.46470459512784 462.2846200878204 nucleus 0
141.26327870100795 417.3641247760679 146.8514451266674 374.2162680299387 195.36897162688547 380.4991386733634 189.78115119702125 423.64668201111397 nucleus 0
216.74604270425334 455.160179305813 187.60991313814884 423.16621213283236 226.3417178051168 387.898888180641 255.47764366863703 419.89259559530575 nucleus 0
213.47638423118042 392.05560590465063 205.95131613197736 368.0241382908216 254.91594702005386 352.69317474390476 262.4411083848099 376.72447041856685 nucleus 0
288.5311412443116 410.62705740456755 281.95722230033425 461.38932722505956 235.87776750689954 455.4223551493129 242.45200701596332 404.66046578639293 nucleus 0
251.26092406659154 391.39183653779014 279.19156315554574 348.91767291271105 323.31064863479696 377.92698920724877 295.38037329824874 420.40083094128767 nucleus 0
271.1063121747429 452.4583379190927 301.9730577694281 466.93901318245224 271.1515894328477 532.6257700702897 240.28496468657977 518.1452868520153 nucleus 0
296.69279331021244 482.85328217104 332.48945753606677 489.5527644564793 318.7698457125225 562.844779534464 282.9732083927229 556.1453946573504 nucleus 0
0 489.39511400000004 24.277409 489.39511400000004 24.277409 535.362548 0 535.362548 nucleus 0
339.09991448665096 509.2193062138223 378.87399710918544 516.6630775192705 367.7011957182549 576.3495431619161 327.9271384891035 568.9058630466002 nucleus 0
297.0939501185785 486.5753435903323 303.3399496977654 438.3511714608943 357.6004382046085 445.37787182373984 351.35494360867597 493.60158682488196 nucleus 0
415.8916032731213 538.8331854297373 376.11721476838284 531.3892407339865 384.58626424318936 486.1485971425419 424.35997004664387 493.59247607257225 nucleus 0
353.5938093045843 470.7844290190775 405.0190140425548 442.33683338606875 424.4672978158633 477.48827609948955 373.04223692372034 505.9356701976245 nucleus 0
352.9150829838909 449.9323181018031 358.50344213038625 406.78436658139907 410.0311049749871 413.45711575853727 404.44314334425144 456.6047070681521 nucleus 0
428.552402145433 471.1964323133339 474.2925478381221 479.7570179709954 462.0716309690033 545.0424041695076 416.3315151606366 536.481926108445 nucleus 0
505.12769044296874 410.9544733755001 516.0836169532558 451.9038884680185 430.1781035674503 474.8834484997267 419.22287700486777 433.9346358081285 nucleus 0
517.0569567357597 566.671635632765 511.7972821814328 607.2813616355468 466.7271442784113 601.4450813056544 471.98715746555536 560.8357566610047 nucleus 0
505.0822684539162 567.3125886204506 477.052540336299 542.1020203678672 517.7957582937233 496.8126473574839 545.825099921858 522.0229113408358 nucleus 0
529.5007409898244 570.8637525304016 532.7882279591722 545.482675936632 559.7711450996576 548.9768414365201 556.4838170087023 574.3577740686741 nucleus 0
121.52814394270536 532.3897826683369 94.01098945454578 571.8976910355949 49.96119960414944 541.2234103352113 77.47823583107674 501.7159287163637 nucleus 0
579.6040105745487 505.09284597614146 573.6871983325545 550.7788653074329 527.0360559353867 544.737904391481 532.9532232502243 499.05230479736326 nucleus 0
572.7797853088123 563.9086496802133 563.8305339466024 562.2337827320756 572.8548457720899 514.0256979390375 581.8039229999704 515.7005479999989 nucleus 0
81.79060575850599 466.28396418573186 96.68249379988993 490.6614371377771 44.83092647147714 522.3307344963154 29.93934946389345 497.95353299061617 nucleus 0
37.51286736674956 490.8633134521865 12.538688456115779 463.44011589882143 59.14039514536853 421.006943909508 84.11434121640923 448.42984619401057 nucleus 0
145.62381881951296 487.6064943600528 138.0634869732603 545.9830184160479 104.18496872698597 541.59600160128 111.74562328233151 483.219858782968 nucleus 0
124.72595852101222 435.8678288974605 118.80935840978054 481.55383102844434 79.3307185962476 476.4416392417771 85.2475794275233 430.75594512684114 nucleus 0
80.33302935320535 352.95049669445507 108.32058518994018 373.76077455820405 65.0947731375345 431.88800758102775 37.10740683716722 411.0779493383916 nucleus 0
45.29541552728915 398.0813197119005 31.768147968832636 383.22680926073565 66.08043481195637 351.9836986040058 79.60762515496754 366.8381111387216 nucleus 0