640.00004757836 277.289295 626.4297465048003 277.289295 626.4297951885965 239.79332299999996 639.9999995130202 239.79332299999996 nucleus 0
313.1569748840411 12.76015949855009 312.11845405770873 38.24753349716558 257.2832644110167 36.013172722752 258.3217974498257 10.525810744042829 nucleus 0
264.2548414949124 10.767547854440407 263.4487479773816 30.550664378598004 216.567372004356 28.640399554039718 217.37347213129397 8.85729002092019 nucleus 0
211.90012808503525 8.634261978697582 211.18034825536597 26.299000575409682 172.76519173945417 24.733704168646106 173.4849755930918 7.068970894243238 nucleus 0
6.587879953731317 377.41922786905457 57.2138045765314 376.5356539432159 57.94170694251079 418.2373437002482 7.315782483128714 419.1209121830575 nucleus 0
6.587879953731317 377.41922786905457 57.2138045765314 376.5356539432159 57.94170694251079 418.2373437002482 7.315782483128714 419.1209121830575 nucleus 0
594.6732295861148 267.1889708679546 612.2737596018851 249.707457144148 656.2090112956503 293.9393774560896 638.6085955217277 311.4207772570135 nucleus 0
626.6395212101634 205.91227292218593 586.5058619504998 236.24272059608052 545.781310652601 182.35671330232793 585.9147098461108 152.02641130591655 nucleus 0
488.7591329022689 160.5604473135362 515.7460380189877 133.7549691850602 558.9986342318298 177.29949135030128 532.011831696218 204.10486652721306 nucleus 0
462.66435788980743 194.70627870785552 467.95594587296364 158.36052270134647 508.9531265629921 164.32917116621985 503.6616504356789 200.67482700218847 nucleus 0
404.0569051471539 145.68809918037948 426.350391415981 123.54440917943703 464.94787953030027 162.40239072308339 442.6544622070651 184.54601181948902 nucleus 0
430.8520792071795 93.48166137057137 491.1046044580871 98.78540712987117 486.49566386018705 151.14415331824543 426.2431408013799 145.84042023868287 nucleus 0
428.4769198565482 83.44456380304514 403.8369441143004 107.91931482616803 369.063692238924 72.91145251592309 393.7036278728192 48.43674063619595 nucleus 0
324.50669336976716 16.07888438742726 368.32670635179966 19.936189565724508 364.2322307066206 66.45047844698637 320.41221787178074 62.5931759555304 nucleus 0