64.62571557247429 312.5592665687926 65.10065259513794 339.7724030179589 20.325568553380435 340.5535873968773 19.850781919594738 313.34059915093496 nucleus 0
139.88311524342862 54.42412046410417 174.30682458689262 88.3912796163274 124.53965207358124 138.82693549108964 90.11602660146309 104.85986116988514 nucleus 0
59.80146011177567 21.16150352189919 101.9912427780946 6.126518122117153 125.50528867148387 72.10939321400684 83.31551432042033 87.14436071373242 nucleus 0
264.11433507506445 221.80384758410662 307.68974935075676 264.79937827271664 254.5963762235624 318.60562151929605 211.0212859780586 275.61041501382965 nucleus 0
397.43676981684985 222.99441874637975 398.2770528273977 271.14072547098283 335.12536403068225 272.2425313525415 334.2853668206226 224.09650779650678 nucleus 0
492.1217623916891 172.22514374416818 466.7639295675326 205.80744726426536 420.8032608148642 171.10341242986365 446.1610423259117 137.521232207537 nucleus 0
469.54104022152023 211.266755231198 469.06625339062884 184.05367992765403 500.8126884502417 183.49981359082935 501.2875374894793 210.7128251905463 nucleus 0
535.9640484709962 208.01381300008697 536.3658643418603 231.04027070768495 501.9941616001597 231.63996807520934 501.5924117004761 208.61357578394217 nucleus 0
414.18034699476266 225.0923758822904 426.3751967763528 195.90713323385143 487.4416967722209 221.42239424846161 475.24703613751626 250.60747652690767 nucleus 0
499.22939072690497 280.4453079034572 510.0685179310676 251.5421934288099 561.9019558837317 270.9794433650409 551.0630211697571 299.88239518821234 nucleus 0
496.5766497334698 284.29719386704005 533.2948271560599 282.80053387667056 534.9303918904479 322.9238627732411 498.21221490310563 324.42051597071753 nucleus 0
73.15880837239092 350.10156021294495 72.64755528958631 320.7950547831416 138.6192626513366 319.64413765490855 139.13075226402725 348.9504011499145 nucleus 0
573.5636058093223 341.2991845852733 584.004611002747 308.6436600998968 640.5859620607953 326.73300901086833 630.1452405602322 359.3882916216429 nucleus 0
532.7528527875984 55.21168125601865 533.6294797838491 105.45118013347413 454.77536531703663 106.82694149377568 453.8988589665678 56.587560614482435 nucleus 0
640.00013875484 154.221794 597.7619563779444 154.221794 597.7620676287916 93.12546099999997 640 93.12546099999997 nucleus 0
196.2364107936446 -0.000002975854989230275 196.2364127759065 25.769711597733533 156.60212407448853 25.769708673106088 156.60212700000557 1.012609096710947e-11 nucleus 0
309.4619481513655 -0.000004439255646358541 309.46195222757524 34.35401576646495 277.7887450439448 34.354012618120755 277.7887484382518 5.342156808931642e-7 nucleus 0
424.7156327887933 -0.00000458759614817785 424.715637620684 34.43106931285018 382.5314055079798 34.43106480148964 382.5314100000105 3.0795720703270505e-11 nucleus 0
467.67404699996405 -0.0000017726559598458895 467.67404859303497 19.050976306647783 429.81893280360964 19.05097530090584 429.81893399999535 1.0392462421682041e-11 nucleus 0
16.52747799998906 269.4256519999994 46.68884300481295 268.1962494184309 48.31692983447283 308.1362811631523 18.155565065244446 309.36567846170414 nucleus 0
115.47307167158579 261.41732119515177 116.27680359219084 307.47035068728593 55.84793164860457 308.524563190538 55.04449854124687 262.4718268075821 nucleus 0
116.75727286958136 257.20716111251016 115.8442873916647 204.87424744981993 173.4526115051267 203.86924420504943 174.36585011950228 256.2019013829076 nucleus 0
116.75727286958136 257.20716111251016 115.8442873916647 204.87424744981993 173.4526115051267 203.86924420504943 174.36585011950228 256.2019013829076 nucleus 0
109.61111813114258 185.23551594741267 106.16154078314139 146.98008423811712 182.61798766281572 140.08588919061725 186.06772456078033 178.3411409966867 nucleus 0
261.34650054576923 190.63644302101747 232.087414876587 229.38521987594928 175.51985815436637 186.6721728825688 204.7788645302353 147.9235881149707 nucleus 0
248.66166701242037 103.27860882637228 243.54034725423844 139.58795110262025 171.2289849344961 129.38860583376882 176.3503999090608 93.0793809513103 nucleus 0