75.6853667624091 347.02560772611855 46.63831966172438 376.1101207792135 -0.022868913220008835 329.5127917460602 29.02393250973546 300.42852405576696 nucleus 0
113.85402137544588 370.55965854482275 127.01291380908515 337.07400282411425 200.71187865301908 366.03260394670286 187.55341520620277 399.5178958907275 nucleus 0
162.32000690673885 419.0192703615222 190.15756884902657 391.1473755725166 236.90472508766106 437.83089715373956 209.06745704007335 465.70249882591713 nucleus 0
21.587317999947118 463.488373000001 39.94520438238396 462.6334935031209 42.00480375497136 506.85427607353415 23.64691783877788 507.70914875258205 nucleus 0
95.37052322935779 450.0340042950693 91.04761906295607 487.0489407787927 33.30955612414982 480.3064195196567 37.63278184480441 443.29185295630236 nucleus 0
234.83460092989844 568.5852823342441 194.91592231352115 539.9324470588424 236.4001558929158 482.15013217089273 276.3180485108023 510.80256176379663 nucleus 0
277.1541170870478 564.0124082058896 304.61890608210524 567.0627568810476 300.01147586648585 608.5367662288401 272.54669154426665 605.4864453224856 nucleus 0
410.90913075175195 363.2873560068162 403.2809377675585 428.607948375263 331.8190203274571 420.2628375801819 339.44780450241524 354.9429290700921 nucleus 0
425.8276025251689 225.98691102387482 431.9302225930005 173.73057739347013 497.7064299445192 181.41183811977908 491.60409747630183 233.6679086461403 nucleus 0
493.4409353709634 208.96296379764334 530.1834177441924 191.207795073703 552.6275448001979 237.6520210010153 515.8851104955829 255.40711390616354 nucleus 0
108.36524955841014 89.20365725117625 96.26283022887947 101.322599955081 74.70660360573675 79.79586944540212 86.80901123669173 67.67693851878374 nucleus 0
534.0681886806851 346.86990876214657 498.5156175782322 367.93235039490366 465.1417475209746 311.602735907199 500.69387570401886 290.54046231801783 nucleus 0
505.4765341408347 295.500209374051 524.3728604605712 286.3691988468763 551.8260981343337 343.178724686932 532.9298159368045 352.30966709567696 nucleus 0
548.6434313914651 374.9575643742451 540.5064543217304 444.6326636928351 491.10065182750986 438.8631387550706 499.2380818151287 369.188566619713 nucleus 0
201.24679728185583 171.10880388102424 228.7115026545507 174.15982061262 223.86893403883732 217.7505802553887 196.40423010678205 214.69957319623518 nucleus 0
238.44664963689866 207.06683796499388 229.98185661504976 175.5165397776728 291.319806996471 159.06020838486907 299.7846852084331 190.61037005380743 nucleus 0
174.4427536252624 212.16624318548713 215.63980756713136 216.74274586601183 212.73527724093583 242.88794503104623 171.53822503431002 238.31145252737596 nucleus 0
228.2243969717092 231.25211308826943 212.6523106040986 214.83429084776563 236.4387613102008 192.27395297518072 252.0108103822713 208.6917326126656 nucleus 0
246.73785002712975 235.97191033298094 250.80628678719222 201.13440549535088 303.01772960985545 207.23157371891693 298.9494577844016 242.06892873935115 nucleus 0
230.8748989225569 256.18966455334777 226.55235482954595 293.2045684718546 182.51387199292367 288.06193082174883 186.8365595008072 251.0471927365609 nucleus 0
96.89513383716985 264.41021637486284 87.78755762898072 303.47869056136756 10.843807279597968 285.54228708559623 19.951600255517405 246.4741294987115 nucleus 0