63.17842826931155 109.62603084691506 91.3696148890449 81.80488246481795 134.48582825105404 125.49420471206943 106.29471604755963 153.31527901379135 nucleus 0
417.7578170064953 234.26899327385746 458.39768062447547 238.75739379972532 447.86011422314914 334.1635722081967 407.22025785369624 329.67521729253986 nucleus 0
479.80810913213645 169.24055579330923 475.67409102361125 223.53074298377396 432.92977678029274 220.27584925147204 437.0639485078573 165.98582925793642 nucleus 0
450.71317381189147 72.17510198586399 424.9469240671169 55.05441058254977 469.90638927680266 -12.608429039458153 495.6725959045434 4.51224152782221 nucleus 0
54.88738459149317 372.5649179890681 107.71924212895101 378.39946305057305 102.90057927712041 422.02745178122683 50.0687281628052 416.19294466266854 nucleus 0
99.8923765042855 331.39761944720703 131.64587045517692 343.51934128570815 112.55549312583753 393.52277280977324 80.80204565092572 381.401138213972 nucleus 0
123.7592654524633 214.5519354480227 156.27114872986567 218.1426836290422 149.75133725114574 277.1727970042325 117.23945745638048 273.5820683329126 nucleus 0
149.74204114805616 333.1228679457414 196.47790140392317 338.2843339760928 191.92875645443564 379.47195865002914 145.19290090946015 374.3105209632407 nucleus 0
235.7686252320127 243.25572431210716 302.8244088713109 250.6615660159855 294.3415133551025 327.46506087560925 227.28573842185142 320.0592797247193 nucleus 0
325.2514443660766 159.3400798628289 363.85929567943094 163.60417203260752 357.0012414064695 225.69661739943473 318.3933929909108 221.43254423622164 nucleus 0
320.83443057286786 13.111840132914521 355.37828613196325 16.92717710287782 351.0223342637619 56.36570163231924 316.4784791562852 52.55036662446234 nucleus 0
283.3159037215228 539.3829696160425 299.88971498234605 490.4233045035485 339.0151384222554 503.6655149264525 322.4417892556812 552.6247872703054 nucleus 0