200.14956845690904 612.9880815902137 222.74702350914595 598.7244242828457 243.90540773973044 632.2355467423121 221.3080546114361 646.4990732354886 nucleus 0
239.8893919999682 638.3439979999822 239.7432712266891 613.1758717410754 291.5329428242694 612.8750713891188 291.67936513033055 638.0428956437885 nucleus 0
359.72792418237077 609.3421685647322 340.26809959250386 638.3248798279732 294.77981687807187 607.7908577816573 314.2395617193688 578.8085085465716 nucleus 0
299.8821508708352 539.7625232391549 327.0819637510431 516.5003846568038 359.40872847299033 554.2911117145052 332.2091350665869 577.5530147861725 nucleus 0
290.6105504959851 528.891345717443 288.1717450359429 496.5403352246133 322.5491209261236 493.9492562982229 324.98812070916756 526.3000549633246 nucleus 0
458.0478181205399 603.8639998855717 459.64274875041156 625.0166133062736 424.32704799997737 627.6785030000111 422.73230031969433 606.5260615584477 nucleus 0
334.1871194708074 11.858948894445657 363.7473067793326 -17.30854517893398 402.8950574759074 22.366268874392993 373.33488153177314 51.53375124238529 nucleus 0
0 307.812084 12.037464999999997 307.812084 12.037464999999997 363.096023 0 363.096023 nucleus 0
22.749839976313524 316.33316174693044 19.74856126573286 276.5165280226531 63.67128803001833 273.20594328746233 66.67274286148313 313.02238448921304 nucleus 0
109.39215171820251 352.701903334054 127.64084111746342 339.44508540624696 155.40035289122898 377.65382501530786 137.1517356918048 390.9105580042652 nucleus 0
142.05383970984258 395.30204809999134 119.80052655300824 414.33603058216374 79.42931453464553 367.1414841152568 101.6823913846747 348.1076692379861 nucleus 0
75.20404009555932 421.4691454836631 114.81221638940042 393.5387998668101 160.95792377855105 458.9693635827556 121.35005524905864 486.89934087457857 nucleus 0
130.696418 474.283812 176.953298 474.283812 176.953298 537.15379 130.696418 537.15379 nucleus 0
166.89745399999998 519.712257 207.120829 519.712257 207.120829 574.922627 166.89745399999998 574.922627 nucleus 0
257.40034169866703 615.7260839999999 213.1540066699381 615.7260839999999 213.15457295175293 551.566186 257.3996646500018 551.566186 nucleus 0