548.2472500346921 541.0087891729697 555.78175386152 572.8809127543029 510.4635260000214 583.5911829999746 502.92938073092955 551.7193703085023 nucleus 0
613.7283309993654 144.83095793605307 636.6657492219383 141.9012319245732 643.4192969222931 194.77506506060226 620.4818805854302 197.70478110543823 nucleus 0
602.0652090437216 107.9024944883958 625.6863435177365 102.72339766722696 635.256147099717 146.369460934969 611.6350163517927 151.5485468032465 nucleus 0
589.3482420845248 59.721136993657296 615.0233847215713 54.091647964752944 624.6370676537481 97.93784731144179 598.9619277667225 103.56732871942759 nucleus 0
579.0995489207853 3.160487198930964 602.7206722462142 -2.018663670680038 615.0306975177227 54.125003424049574 591.4095755888411 59.30415127292727 nucleus 0
165.3338587962935 48.162261195357274 193.6294143050327 23.80566714851614 229.16398066008696 65.0868416280362 200.8684514426568 89.44340821881873 nucleus 0
165.3338587962935 48.162261195357274 193.6294143050327 23.80566714851614 229.16398066008696 65.0868416280362 200.8684514426568 89.44340821881873 nucleus 0
517.4551338345191 523.0321298454057 535.7949588007614 539.2922548564333 493.17181213671574 587.3558442024386 474.83219212372205 571.0959348041121 nucleus 0
575.7311464560917 530.7428507376094 534.8330737450306 503.0821518682981 570.2416903205449 450.73856564382567 611.1390796482738 478.39894515673814 nucleus 0
570.8251058464521 393.162470640302 604.4566195743391 409.5765867854691 579.1545236027741 461.4119970714563 545.5231075949996 444.9980312145667 nucleus 0
530.575329071653 380.76787640804463 565.4937033465831 373.11256267038 573.9191589798429 411.5394831399357 539.0007989703736 419.19475254077815 nucleus 0
555.7423757165816 312.7830547052898 583.5246694136003 326.3430001381238 560.9257769900432 372.6407019522356 533.1435413236613 359.08084563469976 nucleus 0
577.8356583059212 388.63712350298044 564.5770382254705 332.54202127656475 613.8634686511068 320.8938085685722 627.1223440098402 376.98853408185363 nucleus 0
632.6643516037439 267.99068632874605 640.4988823016174 301.1378091645971 595.3056804183143 311.81863391720196 587.471341220371 278.6716768079374 nucleus 0
640.0001296338451 252.69013 610.3864143149258 252.69013 610.3865257204598 204.48132999999999 639.9999986738112 204.48132999999999 nucleus 0