591.5553097023803 267.63018709461477 611.6067596525681 264.3946516267561 619.8679039460694 315.58804801109875 599.8164584455662 318.82356539293477 nucleus 0
609.8383006720542 352.1971662279351 600.0284579095751 351.33898482078075 603.3944469271228 312.866339730084 613.204196000006 313.72451700000244 nucleus 0
255.38537541950063 618.3751228781329 220.9417589865916 606.6463001315695 238.94674619506986 553.7868161028691 273.38958750689926 565.5154946104344 nucleus 0
255.38537541950063 618.3751228781329 220.9417589865916 606.6463001315695 238.94674619506986 553.7868161028691 273.38958750689926 565.5154946104344 nucleus 0
379.7699873949023 4.419019589820097 379.5853968201118 20.282873861067188 337.04491945696645 19.78787125136886 337.22951299998385 3.924021000003466 nucleus 0
412.8462076221331 5.663601214528366 463.5024204637011 -2.5108463799917184 472.3601857131871 52.37980015824111 421.70397387992125 60.55424269862827 nucleus 0
497.89940626760654 85.9312440758122 472.9157523840695 116.1400883991898 430.43669510087057 81.00871831662596 455.4203181803314 50.799925947355895 nucleus 0
440.10093914002937 144.94473153632637 431.33480697470077 107.26035939423932 467.3362144952989 98.88580931271342 476.10239019209985 136.57011836449755 nucleus 0
450.29065256640024 163.78192410342152 470.92954641673714 138.82692391363912 508.9142095765419 170.24133110391531 488.2753969565965 195.19625528538091 nucleus 0
491.49244567161077 172.7136819691145 478.6354446076439 117.44322261828964 529.4203825519799 105.62982122494199 542.2774858278717 160.90012891476167 nucleus 0
531.7854534313665 211.00898572168038 524.1880885085266 178.3491764761818 569.5907828716736 167.7878090347355 577.188221419201 200.44751028356848 nucleus 0
572.7407947430765 262.3914753462335 563.3900042266032 222.1947973485858 602.4361240075086 213.11204683248297 611.787012025161 253.30858064043784 nucleus 0