0 82.17528099999998 16.213544 82.17528099999998 16.213544 108.645558 0 108.645558 nucleus 0
263.64244719858107 102.99974584329989 270.8265658952587 135.65312188389106 201.41214276743995 150.9247429112255 194.22815009602346 118.2714768469112 nucleus 0
363.3003077520698 -0.000001808269012280798 363.30031232857436 27.633509302124256 307.1440414762037 27.633506065698832 307.14404492042377 0.000001547463347506742 nucleus 0
445.1301080000121 -6.281364577681338e-7 445.1301090185734 14.02503605094145 399.16144629125483 14.025035518410057 399.16144700000586 2.990715323913663e-12 nucleus 0
0 41.712178 21.424985 41.712178 21.424985 72.397954 0 72.397954 nucleus 0
16.340168613678543 88.50725252575181 5.5391587432677625 66.43376007979752 66.29129855224164 36.70657141462978 77.09231407468906 58.780027256269314 nucleus 0
65.50798418698832 57.98567311141974 59.169179033706314 29.17391776852253 114.4802631719358 17.005057721965354 120.81908511499933 45.81679089698565 nucleus 0
111.6907152440399 78.10056142767516 96.29928279980959 46.645837295728434 144.63053259285516 22.996420192898537 160.0219710170495 54.45111259609178 nucleus 0
168.38361174020974 77.64108793381624 165.00291126285447 62.27480419116397 233.57433292381756 47.188566281681965 236.95505101663002 62.5548243619738 nucleus 0
156.8109297722549 64.07713217309927 152.16246416879585 42.948511002366544 217.0593394401658 28.670677487161097 221.70782207977027 49.799273584469205 nucleus 0
226.7917427305656 56.73581516415305 220.87551735115994 29.844842200437768 277.5914184968133 17.366898146211348 283.5076587466756 44.25784920894188 nucleus 0
250.20811588634388 27.418950022539455 245.55965651248698 6.290334058798265 302.27556314457615 -6.1876089576150015 306.92402571490675 14.941001028870653 nucleus 0