640.000046549103 234.924798 618.1292285851669 234.924798 618.1292901316192 200.11557 639.9999872533226 200.11557 nucleus 0
640.0000283546979 285.67377200000004 631.4442739527294 285.67377200000004 631.4443091060821 248.1786009999999 640 248.1786009999999 nucleus 0
640.0001401298505 350.605721 611.5079281636281 350.605721 611.5080886333453 303.99599599999993 639.9999827818829 303.99599599999993 nucleus 0
540.8793365568272 329.81215114472434 561.211286083053 301.4389452719177 604.1724099921703 332.22207593838584 583.8406666558149 360.59509676948915 nucleus 0
515.3915360281098 293.0776246320023 548.6203445096908 291.142808543242 550.6505263804138 326.00703358323824 517.4217184497684 327.9418418948984 nucleus 0
72.02146534691565 398.6632427264443 46.341983168240404 429.9741338468049 0.5455236708803568 392.4184654933203 26.22484935542161 361.1078479096051 nucleus 0
340.02092782196996 -0.0000011820972755742746 340.02093059818435 20.792284769459513 283.0378952733008 20.79228333945656 283.03789709425473 2.798874741479766e-7 nucleus 0
254.07550553813053 33.73144779440934 294.97247959625383 31.349961302538908 297.465017966897 74.15394337494273 256.568044051819 76.53542782497263 nucleus 0
387.0086364389863 144.32254155659626 375.5166390413797 163.10994765445682 332.6816072570364 136.90868530603385 344.173599520218 118.12133012480382 nucleus 0
408.4813833624503 125.63975252631272 391.847059257052 148.85472727795553 338.17994961900695 110.40073570042449 354.8142530205223 87.18582787041052 nucleus 0
483.1826881215966 123.9328408278017 459.00572739352356 164.6294101785047 385.8035260944598 121.14185276724591 409.98047966582817 80.44543988839067 nucleus 0
475.15052559640026 180.50370860895617 472.96696578625415 133.63020523176294 536.9353156582656 130.65031438573536 539.1190403277869 177.5236444765092 nucleus 0
580.1132302298356 165.40191146823315 582.0121607690817 206.1614760404259 525.4803502014693 208.79494757130092 523.5815863162861 168.03554209667553 nucleus 0
628.9997343951109 210.09959987422548 631.0886234460486 254.93515293522074 564.2072944486426 258.05072643129404 562.1186781972938 213.21543824593203 nucleus 0