61.75705172434391 40.68682745955358 79.67005774844438 84.04817561815877 27.20033169403905 105.72377752933536 9.287405390787171 62.362497252609934 nucleus 0
147.87531958369073 605.6038310526785 148.3619231184275 626.5060213070497 121.65182559772802 627.1275284936274 121.1653528422903 606.2254665002713 nucleus 0
191.40265118869138 568.3409631520553 192.70035065404954 624.0800987624318 159.34501782307052 624.8561315023037 158.04774061434728 569.1174092116248 nucleus 0
205.84802276353003 540.1204165317656 204.5508401065308 484.3812360619069 235.72864945221227 483.655869470412 237.0261549418501 539.3947188501493 nucleus 0
199.12444962559675 469.01524312342633 215.18749666720396 487.2812955655235 196.86716581025394 503.3891553422479 180.80420307058375 485.1231832592965 nucleus 0
229.9935004962026 459.4522231655195 205.21387794346083 476.25549914049896 182.60181092809944 442.9145732995488 207.38119303314306 426.11140990004805 nucleus 0
261.70358893425146 404.20339558819904 296.5041505107365 430.49583901424205 251.34394416098075 490.2605660305485 216.54366693182965 463.9684497303525 nucleus 0
278.52876331831794 276.4243263083842 309.68521942828374 275.5176458960412 312.0370413616911 356.32817139135705 280.88058558925695 357.2348431879487 nucleus 0
330.4473867633351 159.85105046598233 351.3267556059145 175.62762735550294 322.9681245672691 213.15759444109705 302.08880041507655 197.38106900493491 nucleus 0
272.57206426977064 148.2809719266434 305.9539797017351 147.30948187182318 307.738120645663 208.61401890335907 274.3562054661015 209.58550500026664 nucleus 0
12.597624966947478 59.42584628316554 11.68968652964395 20.408565556191334 59.50459578038135 19.29590454163352 60.41256105665525 58.31315684265161 nucleus 0
300.7316863320739 44.40087040557842 331.8881411432085 43.49412876655112 333.9185967413505 113.26213811353249 302.76214199664537 114.16887790864486 nucleus 0
324.24311793343804 10.405243191147008 346.4977277356229 9.757569409217563 347.7967948649166 54.39456900243048 325.542185068698 55.04224243051893 nucleus 0
501.92263806915435 575.3642472593369 479.64956715135486 558.5380003635933 507.1746582108608 522.1111937985014 529.4474483378872 538.9372828457534 nucleus 0
469.84261565536144 497.85025593100073 500.9990743420349 496.9436938595428 502.376969814577 544.2894680220652 471.2205114935932 545.1960217761743 nucleus 0
457.3990582430997 227.53634282366804 456.4911383951403 188.51900836270812 489.8461925279844 187.7428771820018 490.7542102712614 226.760111522601 nucleus 0
487.7616855148517 148.4450160484705 514.2088286326907 168.428731568331 487.6379970902053 203.59264146765554 461.1909037753503 183.60898323691288 nucleus 0
544.9189180701796 93.41807503775294 542.3781693839555 135.73284116833665 507.6848290871567 133.6496811829162 510.2256363557535 91.33497837101474 nucleus 0
59.75172736070817 412.40419156050876 25.408142839369248 413.40357005064664 23.94752055974095 363.20642322310425 58.29060879535973 362.20705195028387 nucleus 0
68.52892338327365 302.8253084176749 98.67734480329091 313.88513833599814 81.55748819015571 360.54905279572426 51.40910179106868 349.48929060739937 nucleus 0
115.60024161190086 303.09369983691886 136.42149433027953 309.09522456772766 123.91385667004215 352.4849027414737 103.09261760870868 346.48341106758494 nucleus 0
128.91511266876478 140.0648103159752 153.97029387277144 158.99676948872386 128.2333693280816 193.0571288965703 103.1782315363671 174.12521956744348 nucleus 0
191.7131536553643 208.62288559118684 190.22161552209582 144.52298433772415 232.4799924952822 143.5397284671855 233.97170415555593 207.63945161369583 nucleus 0
200.5697132692876 46.75765065147793 236.1770888709725 45.72137523366077 237.7205806389975 98.75699606580139 202.1132051249151 99.7932699898103 nucleus 0
234.12960411056702 54.713463914982555 200.1789532021212 38.93552859412899 225.47260110462958 -15.49077676331055 259.423219315795 0.28714897057927613 nucleus 0