266.32124465984816 28.871904674341245 267.09677400001965 15.556615999967017 326.45161316671874 19.01363813809588 325.67609140278364 32.32891957770147 nucleus 0
0 225.81782900000002 19.002319 225.81782900000002 19.002319 260.088401 0 260.088401 nucleus 0
0 275.894931 6.817298000000001 275.894931 6.817298000000001 310.990785 0 310.990785 nucleus 0
0 330.433213 28.180663 330.433213 28.180663 377.312089 0 377.312089 nucleus 0
78.75190740393009 328.5444212290828 99.58642446545127 357.6104804593332 56.93847763861413 388.1773298717254 36.10418683034368 359.1114739207576 nucleus 0
91.00000357801036 319.08824541580293 124.57568452831765 320.2606410945637 123.35583152314939 355.19255413217485 89.78015083594073 354.0201635818713 nucleus 0
618.8301981583936 395.3956547206814 645.23211651991 427.4306623600453 600.4037151885132 464.3708847561853 574.0021123722545 432.336172918084 nucleus 0
352.3172629676992 27.71422589692715 351.00484383940056 50.24778904081842 294.08760166421416 46.93273693761916 295.4000374342286 24.399190697934007 nucleus 0
340.5313051495614 60.125874366840115 381.8552159200044 61.56893087530968 380.33204318890057 105.18688316416674 339.0081325598294 103.74382859867256 nucleus 0
293.1402672720287 146.41114049316357 304.8589756743604 165.66600355470527 262.3110279729008 191.5604797718568 250.5923883378273 172.30567679650972 nucleus 0
245.53087558117113 177.0092782732435 228.4853609756101 153.2273933691143 281.7424796314299 115.05633138709564 298.7879656042787 138.83812949584603 nucleus 0
226.04378237068886 107.6011155197381 250.67277299865964 149.30967041192474 177.95664877943636 192.2477139018291 153.32788015053666 150.539351463945 nucleus 0
164.26787937962217 160.64327964381107 161.52379324230424 207.75902478567218 96.9121804475435 203.9958093181159 99.6564601049613 156.8802708799104 nucleus 0
113.75555053527933 194.69949318914678 111.36933810266783 235.66970419244998 54.54733417194802 232.36013846581534 56.93371975030459 191.39011238075486 nucleus 0
6.447910019633127 280.9450843715167 9.073062359020696 235.87783149936453 75.88361578214972 239.76930285077654 73.25877105009567 284.83626050147984 nucleus 0