534.8376384995208 109.4628822811981 564.293021931735 117.86946492766164 550.8179740548803 165.08333944845748 521.3625989005959 156.67677778833215 nucleus 0
405.31919271968945 420.97290643308503 394.5372932423197 461.01821380592133 364.95541294490977 453.0544990847653 375.7374372340564 413.0093912860579 nucleus 0
304.10687821524334 485.89014867870264 311.1354210838181 503.3647282622236 273.59861476536025 518.4595913278333 266.57022800332925 500.98514416407846 nucleus 0
298.9760323736118 505.19362366402305 313.15805892139906 517.0995909983374 286.8671738465491 548.4099554339532 272.6852350840636 536.5040833925445 nucleus 0
466.6932537699904 244.0557518718616 494.1850283729582 251.9016288867314 485.67311991690076 281.72563474862164 458.18135520414216 273.879781614041 nucleus 0
457.05756609539094 262.9356451546854 484.5493521318713 270.78147270853685 476.740449665449 298.14228065020745 449.24867326320964 290.2964763969189 nucleus 0
634.3766749396309 322.16213861546305 622.7318589035713 321.95889153409786 623.3308599825978 287.6452767155816 634.9755849999929 287.8485229999997 nucleus 0
594.0973588583438 329.7917802369884 572.4204303496663 311.5911902441771 600.6470397994417 277.9757029266251 622.3238383554417 296.17620382592054 nucleus 0
561.9753405355732 304.56986707822057 585.5397815743345 311.2947195139219 573.4202261388418 353.75928152941987 549.8557999778859 347.0344654342225 nucleus 0
511.1041794654011 304.2325741515541 540.559726575375 312.6386555753421 527.0593563467264 359.94117109120157 497.6038306161354 351.5351407387203 nucleus 0
443.052805275438 409.657348716678 453.1609393695544 372.1148749891831 484.7147049230989 380.60964142164494 474.6067809167289 418.15193473532446 nucleus 0
385.90510169589834 401.184117327924 415.735150406108 388.7481224964391 426.900154545001 415.5262532445429 397.0701369459857 427.96219333224195 nucleus 0