360.36090812565817 584.2033736703656 336.947515286447 612.5678185367299 297.3031389909738 579.851379257504 320.71634962769167 551.4872494340045 nucleus 0
457.42967664184107 469.5365218673772 463.278305383501 439.58941651922055 490.7914700156107 444.9618954796816 484.94300406455295 474.90885777026335 nucleus 0
446.8420251677162 457.1059652722057 439.04419207625324 497.03553930578386 386.4991714671487 486.7753448905615 394.29728558898205 446.8461459234998 nucleus 0
361.66472090051684 421.24073691301356 403.6583373367466 430.3795124664565 393.2038341871521 478.4118848467739 351.2102418968425 469.2731845473089 nucleus 0
437.88799368587206 402.21841607046986 403.3537287751824 430.83224114194144 371.37010668862786 392.23520280482467 405.9040522413852 363.62159076308876 nucleus 0
343.8499295710062 361.29191763845836 369.9242214581318 359.553923454094 373.1731778599351 408.2912851406792 347.0988872307498 410.02926720118444 nucleus 0
389.88386311364593 375.5158730893624 398.8512504998653 329.59681650910346 449.0428602375323 339.39767000611545 440.07582784026454 385.316415582443 nucleus 0
376.3851624188828 368.41440080926844 337.38090041042597 338.97824098785577 370.32424514138256 295.33077633723036 409.3281512641988 324.76673607922356 nucleus 0
518.6959303045296 344.17361651305634 506.57622136815917 377.0760879582135 440.9560076020716 352.9065113081199 453.07584943191614 320.0043362792028 nucleus 0
552.9834901585127 301.6605064332284 545.9660342700226 337.59722538139846 473.8667852882645 323.518811343797 480.88447016780265 287.58239870735326 nucleus 0
483.9556480133615 583.7728989629529 503.91791472509794 602.9040430965017 464.00586808740627 644.5380617402249 444.0438485128834 625.407169523305 nucleus 0
503.58766210614704 281.6524538495726 511.38504945447494 241.7227667643878 571.2896026449744 253.42019159219416 563.4924927137763 293.34963338019304 nucleus 0
440.68202776696126 260.277279804918 487.61586745538807 270.49207013712345 475.8054067190824 324.75416311453887 428.87158666599134 314.53943431936233 nucleus 0
537.8401553753065 205.4366037707016 530.0431784588 245.36622462343811 485.0716313072189 236.58489217184407 492.86872058044537 196.65542114499783 nucleus 0
466.0583819820022 266.399946631184 440.17030385781254 216.2195556664867 477.37776168498385 197.02501017206157 503.26586544113525 247.20522238397675 nucleus 0
412.8950117358909 209.64115036111335 454.88840529244044 218.78086486752915 444.05881110833434 268.536520460213 402.0654303946503 259.3968473737485 nucleus 0
473.9150094912475 192.9544364096426 482.8816703958728 147.0353412997258 547.7927362790797 159.71029188763913 538.8263026384084 205.62918644951122 nucleus 0
418.1053147069906 115.04244064972583 460.5439570505405 107.2537757831982 476.0922270241281 191.97144122077532 433.65359438437736 199.7600676913171 nucleus 0
575.4919189140492 104.48804005045164 615.0150534854765 113.09039387561543 605.4720404649561 156.93480911805406 565.9489119254431 148.33247405957474 nucleus 0
574.7116770124558 117.3466938906374 547.5059071786382 145.34526772914208 505.58912188600516 104.6156947329668 532.7948278500844 76.6171888962822 nucleus 0
561.3317657143489 62.56488235640443 586.0337159498158 67.9413730450577 580.3736866481631 93.94590870182873 555.6717377865425 88.56942220064207 nucleus 0
507.674347740176 496.2230509635609 543.8823258742195 524.9818029483781 509.3824223543197 568.4086154047322 473.17472722810635 539.6501793233109 nucleus 0
519.3375714972353 41.54215692887859 563.8010770567053 51.21985579337763 553.79072531985 97.21155826822948 509.3272236634948 87.53387115624518 nucleus 0
578.0061406880122 44.362670340950494 575.0823434841004 59.336271190547635 528.0149976068788 50.1457302569219 530.9388041693455 35.17214267826556 nucleus 0
437.25842355437635 535.552807963824 463.35172976439935 521.7620728452524 490.5083677059156 573.1334802097424 464.41517494436994 586.924049939709 nucleus 0
458.26735607544833 579.9399139264993 428.6649263212894 604.4643489698535 390.18129231051716 558.0231620510301 419.7832511232991 533.4990411760675 nucleus 0
521.5696015110734 482.0605747383957 514.9414084987802 516.0006611273274 457.47579437535023 504.77972571314706 464.10426056201686 470.840003771977 nucleus 0
405.46456566720735 536.9432136200192 399.2071585045778 503.8094259344425 454.0158176734258 493.4606013772865 460.2734930828592 526.5940336519566 nucleus 0
324.11701869088574 536.7608116457699 346.5106620819279 508.529984000043 401.030869276874 551.7679819467696 378.63765705893456 579.9984117736442 nucleus 0
366.05468728914275 571.5829922480241 350.0201139564888 584.8670781358734 321.6869341241545 550.6753458282011 337.72132335594506 537.3913828092295 nucleus 0