568.9064296097786 85.33330665100586 572.7914906108344 115.65696726136387 524.4978298884234 121.84421851181284 520.6128320809512 91.52061580286247 nucleus 0
201.30276632866298 200.72569252357778 242.67766240402125 198.06243058794695 244.64544117552578 228.63170022074982 203.27054563524143 231.2949556455505 nucleus 0
137.11234047281323 323.02145951215294 121.55875882337568 313.1856216785071 143.65450414363295 278.2477127604949 159.20797787031916 288.08350539560274 nucleus 0
103.93724854227912 311.32612698869724 94.61690505406295 295.733209198952 130.42398059784318 274.3316191395014 139.74432124006853 289.92446662098996 nucleus 0
424.45950066277874 134.66094607364641 428.0855811717629 162.9630271249283 397.5641334360989 166.87333480401688 393.9381067598879 138.57130250130663 nucleus 0
404.118612678285 141.37649172157916 407.74470853008097 169.67857091601877 379.67085456046334 173.2753113070257 376.0448104458919 144.97327904165525 nucleus 0
406.93501977220876 0.8259269025750826 421.18119773833314 24.661153417564794 382.89011769396893 47.54749037047964 368.6439509964839 23.712273711427315 nucleus 0
343.61491503717843 64.88303584497739 340.5069125159207 40.62411906251235 384.6722546679666 34.965747736420845 387.7802741099731 59.22464439416204 nucleus 0
374.4222773116053 79.42884485362738 378.30734480157844 109.75251139615207 329.63022638476104 115.98891468761289 325.74521905706206 85.66530408485173 nucleus 0
258.94616071658675 128.08283703694113 297.73512307227065 125.58598277201688 299.8340871030814 158.1932032107084 261.0451252045459 160.6900531173406 nucleus 0
234.33939492868376 204.48955244871786 251.98806658634567 176.52334027766233 276.01307525306765 191.6844294700976 258.36447036730533 219.6505831269839 nucleus 0