386.53824097287725 19.852871099752907 409.22206872528477 45.13192588710585 367.15539800352417 82.87979616833775 344.47159868403105 57.60076877348461 nucleus 0
483.3188389233692 175.4844596041561 511.52509754305356 174.82576544405194 512.2444331446604 205.62798667908507 484.03817457918194 206.28667940461256 nucleus 0
418.23745325629716 192.5662374467882 414.71396362503583 152.1566903762476 468.0958965942409 147.5021566554896 471.6195092302223 187.9115665269268 nucleus 0
377.86074126350286 163.99417928163362 421.45223393868946 162.97618832529776 422.5986010901397 212.06369257461398 379.0071085882664 213.08168004305008 nucleus 0
422.3157993708446 209.69573175979912 451.1868004455755 241.86858977614148 411.9632149735844 277.0650009196653 383.0923732164956 244.89229578070666 nucleus 0
368.151664996185 279.8684422453873 345.0406748276873 269.8976498581376 365.48246326368826 222.51886506734851 388.59326075464196 232.48961000733408 nucleus 0
398.1198311307526 262.47471483303235 449.40394066201407 261.2771153410083 450.4914172342251 307.8428018868665 399.20730796075077 309.040395460564 nucleus 0
408.2812310778536 317.0826126536197 362.8925774209347 340.55839305999564 338.65097622736357 293.69186583392013 384.0391843935504 270.2162244354068 nucleus 0
454.0152604956529 328.0943742638612 442.6329256031022 295.9323146595786 511.3363791487791 271.61928960519145 522.7188370843214 303.7810867237221 nucleus 0
473.34958188876044 360.8067235719267 470.17835176651715 324.4380003964246 544.6870130550815 317.9414754401552 547.8585530945566 354.3098539384654 nucleus 0
500.0775262809475 19.320439493920773 523.9539027771389 2.811020205128753 555.5752822005888 48.542708552474274 531.6989156333148 65.0521161996011 nucleus 0
495.5339081687998 409.7683127489591 492.0101734979107 369.35865590574707 552.558133337734 364.07935364972724 556.082186707572 404.48865621292015 nucleus 0
425.2704144881136 326.47131118213633 473.99031951848883 325.3336287769468 475.2713989712356 380.1894829386874 426.55149426565913 381.32715717080464 nucleus 0
510.1091311712662 408.4972500925965 513.6332955999387 448.9068393400584 467.6749107376236 452.91406181359196 464.1510681604268 412.50477314700095 nucleus 0
485.2276433962834 402.8777843977607 451.52937500672124 451.46610859558024 418.56639926467324 428.6074550603888 452.264586498859 380.0194323770053 nucleus 0
387.9994865861954 378.41748559904465 431.59098145755706 377.39959529520485 432.811497270377 429.66246566413463 389.2200027142826 430.6803479742274 nucleus 0
448.6693068852037 501.3956000516929 444.61689223287976 454.9244714443322 510.92924456075707 449.1427234183824 514.9821525999141 495.6133019780611 nucleus 0
408.70343601367495 441.81301506940883 448.28197558359534 456.9571266507379 416.314868621339 540.4871180577242 376.7364605068724 525.3432541889315 nucleus 0
529.5420413547981 506.87560542146065 570.5693329149653 505.9176783234165 571.6360565942887 551.5953520718456 530.6087653684517 552.5532705599987 nucleus 0
483.140389493783 576.9303589563915 460.87005326276994 546.5490859558332 510.2769350455492 510.3405379269575 532.5471348835708 540.7214335667812 nucleus 0
507.83467816108896 566.0991974130021 533.4767365127482 565.5005156634508 534.1164420142013 592.8929143359128 508.4743837734277 593.4915925558532 nucleus 0
512.154180851212 107.3190858150129 554.5361604671052 83.9375919003761 580.4557825939992 130.9198552262052 538.0738424972515 154.30129331839044 nucleus 0
461.55024057239643 561.6642133560342 507.7059446550993 560.5865901058338 508.8086734848912 607.8058158148709 462.6529696518264 608.8834279874209 nucleus 0
521.2350299122772 598.8956753706451 522.2043299374491 610.0083058518 473.1705316215812 614.2838293115498 472.20136434370943 603.17132266517 nucleus 0
513.4995530882588 59.610637237750225 536.2057951289171 76.89093968670177 499.1785102285212 125.54428953898235 476.47229985901504 108.26402377657189 nucleus 0
458.4516248962609 108.8187619924843 433.70558338210685 81.24164478138128 480.9058304943028 38.88719552866092 505.65183592880203 66.4642647451032 nucleus 0
490.17814367201936 139.62233921281486 549.1548678548133 138.2450566541922 549.9538363978354 172.45718255786295 490.9771124175313 173.83446239869724 nucleus 0
487.7813458153105 146.8496977796101 441.6255532829382 147.92758341589814 440.6957708061964 108.11048010108374 486.851386368362 107.03259655360212 nucleus 0
426.121242195004 58.27046190162627 444.0401944699988 88.17382091687767 381.56787396284926 125.60868344665103 363.6490052910085 95.7053974684836 nucleus 0
398.96054956851003 50.19138177155327 412.3646440236189 65.12899300569111 377.6213891178486 96.30530913104505 364.2173146035202 81.36771702414678 nucleus 0