277.4886323200917 579.7965542519077 292.48360131459776 610.8179103805592 241.21731623105006 635.5914933584403 226.22281674688566 604.5705374826606 nucleus 0
19.25585218683409 448.8803572781468 35.09388547274284 433.95185038845733 62.94200656695466 463.4921827665037 47.10407394821232 478.42058661624384 nucleus 0
146.1207090233802 422.4795451300878 120.16309898353938 407.10139309395674 153.6300429745461 350.61760295649464 179.58727090612228 365.99560958568753 nucleus 0
152.66504739964148 309.2581867375116 178.07950101341703 308.0739830055534 180.35569292398577 356.9199728444722 154.9412398601271 358.1041694258474 nucleus 0
180.2060361319309 299.0519671208126 203.07904333123588 297.98617370785684 204.59077597806754 330.42716326107546 181.71776906943705 331.49295262134035 nucleus 0
196.41228004380537 314.4726141038958 194.42482546481187 288.2319268867326 230.30856152166962 285.51426588530893 232.29611252783798 311.7548482432739 nucleus 0
210.47343203135824 287.0164969959533 208.48599876342632 260.7758309154173 238.88340680052352 258.4736974496674 240.8709144424938 284.7142818098307 nucleus 0
140.1563165409607 259.45335008754404 165.57076847544522 258.2691219062748 167.84695730028034 307.1151022376434 142.4325058094837 308.29932431313824 nucleus 0
157.56502855496365 247.77287866605607 184.54616315597377 237.8169080922589 199.97468905552523 279.6268801676585 172.99357664356648 289.58280730486484 nucleus 0
122.93832407995069 217.90336527689075 161.05999866987986 216.126988598662 163.05338819984172 258.90411097810926 124.93171407768386 260.68048089931386 nucleus 0
43.73151595973468 169.57430528855366 75.34948596883623 187.1017610558004 59.218276635729126 216.20019502465755 27.600336365649127 198.67278108558853 nucleus 0
109.08379883563612 576.470328600738 142.1226009663951 574.9311473212243 144.82170039023913 632.8524644259991 111.78289978837711 634.3916256501567 nucleus 0
120.62272461196699 180.68816897587354 142.64384461581358 149.0263782935685 165.32244986075966 164.79928370492217 143.30139157595113 196.46101933973486 nucleus 0
92.71960204845527 159.9188729564075 89.20345149745117 113.49308101074506 135.0633368290437 110.01983572944388 138.5795850627619 156.44552061497924 nucleus 0
70.07606463535922 67.32406441838114 110.7391815930896 65.42919405605357 112.74288797132613 108.42767002380998 72.07977117395785 110.32253770922226 nucleus 0
104.2883924455964 36.31169021316549 144.95150834663946 34.416812503211304 147.5139504073013 89.40539829960174 106.85083459109592 91.30027364675016 nucleus 0
76.13933676038869 45.459517455062 78.89111873730144 81.79272715743451 33.148380083439406 85.25710218747693 30.396640277540428 48.923930475222086 nucleus 0
133.6396376213088 14.71346735998714 135.1683995424537 34.898580530533316 89.24985674879281 38.37630212342843 87.72110483871074 18.191199060728167 nucleus 0
37.52486958503141 36.34884561906513 40.010992610259564 16.03615546341356 69.73941494863539 19.674690203455686 67.25329874927411 39.98737454507651 nucleus 0
44.00178900636092 2.216516957138973 46.21849245057092 31.484923950065408 7.620929159747902 34.408180147561474 5.4042341640160885 5.139781011854618 nucleus 0
89.15136646341125 10.038697730917788 74.47089436514943 31.14671328237477 43.68983650834707 9.738708363789524 58.37030667549698 -11.36930311592918 nucleus 0
133.89136391197098 562.2627977389852 174.55450242174265 560.368384785328 176.71235900124884 606.6747655752 136.04922177270055 608.5691594402629 nucleus 0
139.23402212305518 564.4439198219538 136.4818540050328 528.1105443515826 187.6522221556661 524.2352796258795 190.40473618762917 560.5682772728449 nucleus 0
193.0399334167305 493.41046720921827 209.82800622594368 511.9271510379597 184.32300232809212 535.0464719314965 167.53505587526888 516.5299098435579 nucleus 0
126.13445547503943 513.3624559491067 157.3346906415827 468.5106729710074 182.64529563595715 486.1144111211619 151.44534832819772 530.9659369364725 nucleus 0
205.98434467327024 439.6130551676152 210.57156078677508 500.168546029602 169.7287928935839 503.26159499196376 165.1420412310108 442.7065400552103 nucleus 0
139.98604868233087 419.7691522130017 175.56628330341482 418.1113514819478 177.35051604511682 456.3997795830471 141.77028213867743 458.0575699680693 nucleus 0
56.03952791818301 489.47967489513735 85.79891425084497 505.9740108692835 56.29644895539968 559.191990174477 26.53720227550366 542.6978500786241 nucleus 0