561.739646824426 437.9890953142132 583.1587154041335 404.80963444350107 637.1291259764985 439.6455567817376 615.7104537271516 472.82466895145143 nucleus 0
196.18801461096155 293.93311374726875 237.92249040627212 288.5680609843334 250.32940162927844 385.0730757195355 208.59493805452075 390.4380622615792 nucleus 0
246.83179772320727 456.8633097378716 203.01017268153373 462.49632537956563 195.94960008333146 407.5737937061907 239.77045294916024 401.940828374182 nucleus 0
256.2574953206786 552.5727012648462 286.4539463313122 564.1071842764062 256.98296049871715 641.2399220479382 226.78662040721974 629.7056504101353 nucleus 0
2.702738223306369 51.7179157882225 -0.19811692276562098 26.92484441360152 59.149809000009554 19.980976000034808 62.0506818213471 44.77402486447687 nucleus 0
527.3349403974862 183.45766884910768 522.1439181402093 139.09108266146347 576.7752007416857 132.69915806121764 581.9663472953835 177.06560030689346 nucleus 0
515.8509502673405 224.4841552838176 510.0491426492954 174.8979600813595 547.6056049403996 170.5038436637656 553.407531958801 220.08989727318405 nucleus 0
560.5931347890146 335.69042516707276 533.8501746096881 355.4338106554592 497.52319302431715 306.23147686243317 524.2658907324949 286.4882330002839 nucleus 0
447.8044332616264 240.3823825551241 442.91869847045746 198.62557726428082 491.16172994959925 192.98109741126808 496.04760529793566 234.73774021932195 nucleus 0
352.22656915240805 270.1923457862973 421.0884226719645 261.33983353321383 431.2261788314936 340.1943283080585 362.36434087935777 349.0467608359489 nucleus 0
313.72638294305943 383.2115184796065 353.37415264191804 378.1149099675977 361.4434186887229 440.8801466162313 321.79565828846535 445.97670577147323 nucleus 0
365.3674121110089 588.6546433949442 360.7862306624156 549.5076200695466 396.282650518624 545.354640951332 400.864086238289 584.5013696233967 nucleus 0
313.07115052877634 57.69015315973341 306.46991003370204 109.13489406813022 263.9927348801575 103.68431675050232 270.5940314492909 52.23964232944277 nucleus 0