436.4903448739642 413.05037566639146 466.251286839979 443.60782580171536 422.57262758736033 486.1412278078106 392.81199844270304 455.5840879184333 nucleus 0
407.1851338626584 30.053621408458334 405.6018318051065 72.15876974132543 350.3915421689453 70.08262499931337 351.9748862460983 27.977522741165387 nucleus 0
184.91547357632953 550.5130406356694 214.92693691652676 532.0256695435635 249.05696215020726 587.417769712855 219.045693489752 605.9048864138747 nucleus 0
91.12755719608685 172.21634155421103 87.1666210352123 201.7218045628386 54.79172863320855 197.37571692218 58.75272045232123 167.870321173362 nucleus 0
640.0000773754437 316.895462 628.1098203039437 316.895462 628.1098788273812 264.887009 640 264.887009 nucleus 0
601.3260578036716 78.68437374614321 619.1812351446424 97.02002938561384 593.031635667212 122.48417145979238 575.1764838390955 104.14854105222703 nucleus 0
609.3626445765403 53.37091008252196 603.9614330267796 93.60559661049835 571.6765575965837 89.2715749980957 577.0777979975537 49.03692211388625 nucleus 0
520.1265684732061 27.738376057971816 521.7469339999661 15.667974000001381 553.9868010379723 19.99594371708282 552.3664394982188 32.066341900383584 nucleus 0
520.1265684732061 27.738376057971816 521.7469339999661 15.667974000001381 553.9868010379723 19.99594371708282 552.3664394982188 32.066341900383584 nucleus 0
463.7442409078358 566.4279748941581 502.5084344782226 570.9701884325077 498.08446984949114 608.7156374238969 459.32028260045627 604.1734615749309 nucleus 0
409.4637579219125 493.47664444259607 402.6213207068213 544.440758717863 355.06562160393514 538.0567740528775 361.9084518411546 487.0931283588214 nucleus 0