640.0006288135046 575.1547359999998 603.3803615307988 575.1547359999998 603.3807929306204 503.04046900000003 640 503.04046900000003 nucleus 0
425.13658359035617 469.18472063791575 368.1956113326305 429.9776755124177 411.45729488678626 367.1574238186514 468.39730004343437 406.3640037301041 nucleus 0
384.3921733832394 272.9461443795396 433.4772496695223 262.6988190625086 447.7266877592774 330.9498564116958 398.64163634949364 341.19710116613976 nucleus 0
435.11934133799514 189.58040553367925 464.28312746211304 159.098840167868 511.40670316184696 204.18401187250436 482.243064970462 234.665432115051 nucleus 0
421.9760513911024 154.27414761723963 449.7197316436359 148.48193818279373 457.0652882954164 183.66518502741255 429.32161223565345 189.45738130580295 nucleus 0
392.2617009890382 118.62501312138002 415.7371142685588 113.7238764642445 423.6685179309279 151.71315873441523 400.19310760682856 156.61428581650833 nucleus 0
386.8497294747067 186.06079484131953 413.39778228095383 168.47045682500723 454.8198050069914 230.9844459959885 428.2718349029892 248.5746819775923 nucleus 0
376.8639986906783 148.05388200994736 350.3553283002111 164.38396042473363 317.54012581397546 111.11551055263564 344.0486752867582 94.78548066014326 nucleus 0
307.9132855662465 123.06965613667865 350.34061300633766 146.24938019165128 333.1807891975768 177.65754421026048 290.7534945633961 154.4778663792252 nucleus 0
365.56871519307606 556.147578019963 395.4468211179483 549.9111716804334 410.5343823784642 622.1764056679832 380.65630715158477 628.4127111010223 nucleus 0
236.3814475639083 33.179795272067906 266.68107131146826 16.316472099845974 299.2174281775806 74.77694881081223 268.91782042832347 91.64024904132268 nucleus 0
521.4743944483052 110.51377253496022 571.6908603204502 96.02364742457848 595.7269773844746 179.3212776269469 545.5105393312988 193.81133435617716 nucleus 0
505.2779357620602 29.42905774620779 504.4519168651459 43.61146228043914 454.61188948131166 40.708633957119574 455.4379169999447 26.52623800002221 nucleus 0
414.3891428159259 576.6349417895518 461.3405403374054 566.8351000016421 474.87783579439565 631.6757444960407 427.9264825370774 641.475440233263 nucleus 0
453.9635378805542 510.1668640199477 507.31723141652765 499.03002142357116 520.0164399664209 559.8561700791432 466.66278887969384 570.9928749236802 nucleus 0
453.9635378805542 510.1668640199477 507.31723141652765 499.03002142357116 520.0164399664209 559.8561700791432 466.66278887969384 570.9928749236802 nucleus 0
531.863964642107 488.5044380318714 571.8241343636328 483.0326875140646 583.0342088735779 564.8836171626438 543.0740577228426 570.3552789424 nucleus 0
467.05971811585187 442.44553817704707 500.7126709633303 407.27659027259404 558.9020158628409 462.94956416802097 525.2495464003005 498.11803652548525 nucleus 0
555.7452504027606 424.8786343026763 589.5608990710025 408.7195319734427 624.8006557348708 482.454015531663 590.985149039625 498.6128953418288 nucleus 0